ID,X,Y,A,B,theta,total_flux,mu_max,mu_median,mu_mean,R_fwhm,R_e,R10,R90,x_start,x_end,y_start,y_end,area,greylevel
0,491.8411978277799,510.9004378407039,305.34203137393456,283.82003930630896,1.4664222209459448,1931296.0,16.0,1.0,2.321132529454395,95.48314908964898,217.9744101290555,81.96298035033196,364.68299955745397,0,1023,0,1023,832049,2.321132529454395
1,755.472602739726,0.4520547945205479,3.899155302732988,0.6129684766896959,-0.02458065038063736,146.0,8.0,3.0,3.1739130434782608,2.326213245840639,1.7841241161527712,0.5641895835477563,3.0382538898732494,747,766,0,2,46,12.173913043478262
2,115.23947368421052,9.936842105263159,4.9529241921139775,1.9464799843419316,1.2097759622734023,380.0,7.0,3.0,3.1404958677685952,3.6996385101659595,3.1915382432114616,1.2615662610100802,5.262410103554244,109,121,0,17,121,10.140495867768594
3,172.91304347826087,13.304347826086957,2.6778277224880673,1.9617886915123979,1.0365985230441201,184.0,5.0,2.0,2.090909090909091,2.876813695875796,2.8209479177387813,0.9772050238058398,4.652426491681278,169,178,8,18,88,9.090909090909092
4,745.0513347022587,26.973305954825463,3.1533369921125516,3.0248350749588324,1.5016023311094917,487.0,6.0,3.0,3.1019108280254777,5.585191925620057,3.949327084834294,1.5957691216057308,6.023896332520351,739,752,20,34,157,10.101910828025478
5,812.8291316526611,36.30252100840336,3.5459286354771202,3.2302518013411143,1.4376857442868685,357.0,5.0,2.0,1.9508196721311475,4.3336224206596095,4.029119531035698,1.4927053303604616,6.4820448144285745,803,820,29,45,183,8.950819672131148
6,573.1046511627907,26.563953488372093,2.00308580846158,1.874380698748637,0.009889638922641558,172.0,5.0,2.0,2.1772151898734178,3.2897623212397704,2.4592453796829674,0.9772050238058398,3.742410318509555,568,577,23,31,79,10.177215189873417
7,302.27995520716684,33.6562150055991,4.5494748903916085,3.027385949170361,-0.9833420551904338,893.0,9.0,3.0,3.7053941908713695,5.140011726956917,4.442433223290478,1.7841241161527712,7.2909362219603215,294,311,23,43,241,10.705394190871369
8,775.4955300127714,42.24393358876117,3.000328619553241,2.817025210222753,-0.6661026607569424,783.0,11.0,5.0,5.4375,4.652426491681278,3.7846987830302403,1.4927053303604616,5.863230142835039,769,783,36,48,144,11.4375
9,269.361581920904,35.01129943502825,5.419045630738286,2.3301564242617134,1.4737036381237758,354.0,4.0,2.0,2.1197604790419162,5.970821321441846,4.145929793656026,1.5957691216057308,6.432750982580687,265,276,23,47,167,9.119760479041917
10,620.5578512396694,53.570247933884296,2.658568107451396,1.9161596917375776,0.030455948604915937,242.0,5.0,3.0,2.880952380952381,3.826519928662906,2.876813695875796,1.1283791670955126,4.442433223290478,615,626,49,57,84,12.880952380952381
11,949.7536231884058,58.68478260869565,3.5643759641652824,1.9395803781492271,0.8174939426753816,276.0,5.0,2.0,2.15625,4.145929793656026,3.3377905890622728,1.2615662610100802,5.201570947860099,944,956,50,65,128,10.15625
12,475.2825484764543,54.75807940904894,6.122675354813462,2.3786464897470516,0.10195024672094911,1083.0,12.0,5.0,4.770925110132159,5.262410103554244,4.652426491681278,1.692568750643269,7.225151993843567,463,487,48,61,227,11.77092511013216
13,591.5942365021531,49.326266975819806,6.384264274591045,4.457545418430164,-0.38404448150972914,6038.0,32.0,9.0,11.678916827852998,6.886811529393324,6.358093703724522,2.4592453796829674,10.704744696916627,572,604,37,61,517,16.678916827852998
14,651.3806921675774,57.81238615664845,6.256622335980635,2.423446774596936,-0.41810068546689366,549.0,7.0,2.0,2.5534883720930233,4.3336224206596095,4.1073621666150775,1.5957691216057308,6.955796338302048,642,664,49,66,215,9.553488372093023
15,244.1625,62.81875,1.9442476312765598,1.7935699974578272,-0.44988535271191976,160.0,5.0,3.0,2.622950819672131,3.1915382432114616,2.393653682408596,0.9772050238058398,3.656366395715726,240,248,59,67,61,9.62295081967213
16,224.37630480167016,71.00313152400835,3.7413784698218038,3.325870035425661,-0.9977461455810666,1916.0,19.0,7.0,8.223175965665236,5.440847306724618,4.51351666838205,1.7841241161527712,7.1809610472257885,216,233,62,79,233,14.223175965665236
17,904.3170731707318,83.5,1.5792094348198937,1.5212162077452245,-0.0,82.0,4.0,2.0,1.9523809523809523,2.876813695875796,1.9544100476116797,0.7978845608028654,3.0382538898732494,901,907,80,87,42,9.952380952380953
18,326.20235294117646,92.10117647058823,3.3956296407421305,2.2020681613450286,-0.23015878196361556,425.0,7.0,3.0,3.3464566929133857,4.222008245644752,3.523362819972964,1.381976597885342,5.499039842323396,320,334,88,98,127,10.346456692913385
19,359.07491856677524,91.70684039087948,2.752553984021364,2.0805369230074353,-0.6495132785809536,307.0,6.0,3.0,3.13265306122449,4.370193722368317,3.141274657157109,1.2615662610100802,4.753945931439391,354,364,87,97,98,10.13265306122449
20,396.05784526391903,100.99855386840203,3.8213218165856033,3.1927828272404244,1.2196864685657647,1383.0,14.0,6.0,6.286363636363636,5.527906391541368,4.51351666838205,1.7841241161527712,7.091753098990329,388,404,93,110,220,12.286363636363637
21,172.19894675248685,83.99122293739029,12.872308882959809,6.374970634576871,0.6377164270988667,3418.0,17.0,4.0,5.399684044233807,5.863230142835039,6.93287767191607,2.5854414729132054,12.205286835384658,157,196,70,116,633,11.399684044233807
22,754.8129496402878,98.26618705035972,1.9450512186591125,1.5695382631567176,-0.16129692501431303,139.0,5.0,3.0,2.836734693877551,3.0382538898732494,2.256758334191025,0.7978845608028654,3.385137501286538,752,759,95,102,49,9.83673469387755
23,2.816326530612245,98.1360544217687,2.2376527621108937,1.6726644087563376,0.002073720828611734,147.0,5.0,3.0,2.4915254237288136,3.1915382432114616,2.393653682408596,0.7978845608028654,3.5682482323055424,0,8,94,102,59,9.491525423728813
24,155.27611940298507,109.16417910447761,5.257599503096204,1.8509707056123654,-0.8096920824209841,268.0,4.0,2.0,1.7866666666666666,5.108953969950291,3.742410318509555,1.381976597885342,6.050259243299904,148,165,101,119,150,8.786666666666667
25,223.77777777777777,115.13194444444444,2.0446428951605955,1.6860964256482358,-0.6313920737431895,144.0,5.0,3.0,2.618181818181818,3.0382538898732494,2.326213245840639,0.7978845608028654,3.6125759969217834,220,228,112,119,55,9.618181818181819
26,50.290523690773064,121.64089775561098,4.284559372131806,2.722679392352563,0.26302440805929694,802.0,8.0,4.0,3.990049751243781,5.781222885281108,4.370193722368317,1.7841241161527712,6.886811529393324,40,59,114,127,201,10.990049751243781
27,189.31607629427793,105.7338782924614,3.977457992025783,2.5905968317413044,-1.4437592776035146,1101.0,13.0,6.0,6.327586206896552,4.950743503369154,4.1073621666150775,1.692568750643269,6.407961869245868,182,195,96,114,174,16.32758620689655
28,593.5037878787879,111.0719696969697,3.0223703277913794,1.8174887715118657,0.5463305144285093,264.0,7.0,3.0,2.778947368421053,3.0382538898732494,2.9316150714175193,1.1283791670955126,4.686510657907603,587,599,106,116,95,9.778947368421052
29,198.97017892644135,131.59045725646124,8.062716597364979,3.370278589056354,-0.0731577092156757,503.0,5.0,2.0,2.1046025104602513,4.787307364817192,4.583497844237541,1.7841241161527712,7.590394548326596,184,212,121,138,239,9.104602510460252
30,658.1779755283649,119.92992213570633,5.000644814331456,2.3373239300289983,0.369982012370781,899.0,11.0,4.0,4.912568306010929,4.753945931439391,4.145929793656026,1.692568750643269,6.651697090182843,649,669,112,126,183,10.912568306010929
31,885.3836805555555,131.20486111111111,6.054424160854861,2.5420583989423617,-0.6996395050128902,576.0,5.0,3.0,2.8514851485148514,6.358093703724522,4.787307364817192,1.8712051592547776,7.158763278359629,874,893,121,140,202,13.851485148514852
32,602.3552894211576,132.19760479041915,3.1873891686002596,2.477165700207362,1.0276182637861744,501.0,7.0,4.0,4.040322580645161,4.853342309955121,3.6125759969217834,1.4927053303604616,5.440847306724618,596,607,126,139,124,11.040322580645162
33,558.98125,133.40625,2.6145846408784186,1.7134924950551995,-1.36856217600406,160.0,5.0,2.0,2.2857142857142856,3.2897623212397704,2.6462837142006137,0.9772050238058398,4.029119531035698,555,562,128,139,70,9.285714285714286
34,258.54852320675104,138.9831223628692,4.460124334530931,1.6713677422083124,-0.47568566537071527,237.0,7.0,2.0,2.257142857142857,2.393653682408596,3.0382538898732494,0.9772050238058398,4.853342309955121,252,270,133,144,105,9.257142857142858
35,148.25,142.99375,2.082558119636543,1.821856914205059,1.1357007125479037,160.0,6.0,2.0,2.4615384615384617,3.0901936161855166,2.4592453796829674,0.7978845608028654,3.7846987830302403,144,153,138,147,65,9.461538461538462
36,479.0459448364838,129.43481048536856,16.501476690099317,15.069277620327643,-0.6598114721266288,255785.0,213.0,16.0,35.17395489548955,14.295277084757526,17.30692355385402,6.432750982580687,34.06228904727216,414,539,81,183,7272,40.17395489548955
37,225.19292748433304,171.57400775887794,7.351202871987025,6.0853011577618,-0.5402930212632207,13404.0,51.0,8.0,13.000969932104752,7.54834217738561,7.756324418739616,2.985410660720923,13.715726110367628,201,249,151,188,1031,19.000969932104752
38,725.3235294117648,158.4558823529412,4.098123854411686,1.7240338275610347,-0.5398765868385017,340.0,7.0,2.0,2.635658914728682,3.385137501286538,3.3377905890622728,1.2615662610100802,5.322553886092406,717,733,152,164,129,9.635658914728682
39,750.2971887550201,180.74698795180723,4.221095698861323,1.5347038975522356,0.9150301264474627,249.0,7.0,2.0,2.5670103092783507,2.9316150714175193,2.8209479177387813,0.9772050238058398,4.652426491681278,745,758,174,188,97,9.56701030927835
40,145.16265060240963,176.86144578313252,5.352185250081498,5.052021218350252,-1.079447163839771,830.0,5.0,2.0,2.515151515151515,7.136496464611085,5.698035485213008,2.256758334191025,8.740387444736633,137,162,164,187,330,9.515151515151516
41,895.6407185628742,191.60678642714572,5.711954767746537,2.021356141418216,1.4797109179500858,501.0,8.0,3.0,3.170886075949367,4.145929793656026,4.1841419359420025,1.4927053303604616,6.383076486422923,892,900,180,202,158,9.170886075949367
42,927.4149288846113,163.3376911560261,6.95258812937913,6.664872547591036,0.4613476436129749,37404.0,114.0,20.0,31.94192997438087,9.166995688475081,8.33015937350939,3.3377905890622728,14.082153922340915,908,945,140,193,1171,37.94192997438087
43,666.5696721311475,195.3483606557377,7.623548090679877,2.6288862397773123,1.0414986763763978,244.0,4.0,1.0,1.5741935483870968,4.51351666838205,3.6996385101659595,1.381976597885342,6.180387232371033,656,676,188,211,155,8.574193548387097
44,403.7080745341615,200.85714285714286,2.3371402812697633,1.942617196375333,0.1237029348592489,161.0,4.0,2.0,2.1466666666666665,4.1073621666150775,2.7057581899030048,1.1283791670955126,4.259537945889915,399,409,197,205,75,9.146666666666667
45,592.0376811594203,203.55942028985507,3.0889614468243636,2.009875225828165,-0.10630451617135338,345.0,6.0,3.0,3.1363636363636362,4.583497844237541,3.2410224072142872,1.2615662610100802,4.982787485166879,585,599,199,208,110,10.136363636363637
46,124.64285714285714,201.69172932330827,2.502590113933275,2.0260025802167685,-0.3372968383053335,266.0,6.0,3.0,3.022727272727273,3.8678889139475245,2.763953195770684,1.1283791670955126,4.478115991081385,119,131,197,206,88,10.022727272727273
47,339.2536443148688,212.16326530612244,2.8601365824757785,2.237970310993156,-0.09076277252039636,343.0,6.0,3.0,2.8583333333333334,4.54864184146723,3.2410224072142872,1.2615662610100802,5.014626706796775,332,347,208,218,120,10.858333333333333
48,510.8432055749129,203.8885017421603,2.4353838669632952,2.2694395709707265,0.1682023812663357,287.0,6.0,3.0,3.0531914893617023,4.370193722368317,3.0382538898732494,1.2615662610100802,4.61809077155419,506,517,199,209,94,10.053191489361701
49,264.27553444180523,213.1080760095012,4.667649034907664,2.8727219181913064,0.8367824951295274,842.0,9.0,3.0,3.7589285714285716,5.077706251929807,4.3336224206596095,1.7841241161527712,6.978639737521917,253,273,205,222,224,10.758928571428571
50,939.5529411764705,214.24705882352941,2.2256578987002675,1.2638480802500784,0.011877972977597942,85.0,3.0,1.0,1.2318840579710144,2.876813695875796,2.111004122822376,0.7978845608028654,3.2897623212397704,933,945,212,218,69,9.231884057971014
51,305.3895781637717,211.3846153846154,5.8964300976087465,2.3986979623578204,-0.8251463560187897,806.0,7.0,3.0,3.3865546218487395,5.970821321441846,4.720348719413148,1.9544100476116797,7.377736139048903,294,316,202,221,238,10.38655462184874
52,602.9267563527653,237.06875934230195,11.379995623040369,3.333453923909548,0.4123813465071327,669.0,6.0,1.0,1.8583333333333334,5.753627391751592,5.077706251929807,1.9544100476116797,8.63044108762739,572,619,225,245,360,10.858333333333333
53,163.07744107744108,225.03367003367003,2.414473322537867,2.1236734988960433,-0.022394121977523492,297.0,6.0,3.0,3.193548387096774,4.1073621666150775,2.876813695875796,1.1283791670955126,4.51351666838205,158,169,221,230,93,10.193548387096774
54,223.60528634361233,242.8784140969163,3.76997228018609,2.6095360787140076,0.005299705781386396,1135.0,13.0,6.0,6.637426900584796,5.201570947860099,4.068428945128219,1.692568750643269,6.282549314314218,216,232,236,249,171,13.637426900584796
55,542.9827586206897,243.83333333333334,1.9939226432002772,1.6458557434293781,0.6969731555687908,174.0,7.0,3.0,3.0,2.5854414729132054,2.326213245840639,0.7978845608028654,3.6125759969217834,538,547,240,247,58,10.0
56,106.8901512969683,281.4895119328764,14.332735616879056,13.374691916432752,-1.3491653194869861,208332.0,247.0,12.0,34.19202363367799,11.685672474138842,14.85223051010746,5.352372348458314,29.537897657581695,64,162,206,330,6093,40.19202363367799
57,450.4560906515581,253.9957507082153,10.01405563062372,2.593716825105322,-0.5332863430054484,706.0,6.0,2.0,2.409556313993174,6.333012368467128,5.140011726956917,1.9544100476116797,8.03846421247924,436,466,240,263,293,9.409556313993175
58,244.2282793867121,250.14224872231688,4.268734698704266,3.5945876606421274,-0.8495601428702706,1174.0,10.0,5.0,4.733870967741935,6.699380116989518,4.982787485166879,2.0342144725641096,7.463526651802308,236,254,242,259,248,11.733870967741936
59,480.3729433272395,247.98171846435102,3.69319990198218,2.0040210440096566,-0.9702259543228768,547.0,10.0,4.0,3.825174825174825,4.145929793656026,3.477898169151024,1.2615662610100802,5.440847306724618,474,487,241,255,143,11.825174825174825
60,178.64292980671414,265.9008138351984,11.068352597632927,3.633756030822923,-1.4974521343780187,1966.0,15.0,3.0,4.147679324894515,4.950743503369154,5.725898905580716,2.0342144725641096,10.092530088080641,169,188,247,302,474,11.147679324894515
61,518.9333333333333,247.41333333333333,3.69887489835004,2.5444968400394163,1.4308976992183116,525.0,11.0,3.0,3.776978417266187,3.1915382432114616,3.431831258788849,1.2615662610100802,5.698035485213008,513,525,241,258,139,12.776978417266188
62,283.74013157894734,261.8881578947368,4.752452753673303,1.998833855501405,1.4347958724460375,304.0,4.0,2.0,1.961290322580645,5.613615477764332,3.826519928662906,1.4927053303604616,6.023896332520351,279,289,251,270,155,8.961290322580645
63,811.8583877995643,258.35076252723314,3.8793332860625904,2.106493417823374,-0.5049218398579254,459.0,8.0,4.0,3.642857142857143,4.753945931439391,3.656366395715726,1.381976597885342,5.499039842323396,804,819,252,263,126,10.642857142857142
64,304.8541666666667,258.04583333333335,2.040451459653615,1.9269638775048779,-1.07197739170142,240.0,7.0,3.0,3.5294117647058822,3.0901936161855166,2.5231325220201604,0.9772050238058398,3.949327084834294,301,309,254,263,68,11.529411764705882
65,852.1306413301663,261.10926365795723,6.930323653399886,1.910352542017272,0.005458829698746015,421.0,5.0,2.0,2.4057142857142857,5.108953969950291,4.1073621666150775,1.5957691216057308,6.383076486422923,841,865,257,266,175,9.405714285714286
66,604.2978723404256,272.88652482269504,2.9967770042313604,2.40478091866776,0.23666367921798315,423.0,7.0,4.0,3.710526315789474,4.370193722368317,3.477898169151024,1.381976597885342,5.322553886092406,598,612,268,278,114,9.710526315789474
67,821.560606060606,278.2323232323232,2.3630007071680748,1.501680766870518,1.2481239287015753,198.0,7.0,3.0,3.193548387096774,2.985410660720923,2.393653682408596,0.9772050238058398,3.742410318509555,818,825,274,283,62,10.193548387096774
68,890.7461368653421,274.8962472406181,4.751761319906936,3.0461989539298413,-1.3464175615654697,453.0,7.0,2.0,2.712574850299401,3.8678889139475245,3.6996385101659595,1.4927053303604616,6.282549314314218,881,897,261,282,167,10.7125748502994
69,34.91981132075472,280.1981132075472,5.618022506150784,1.9524229495279526,0.18238958579239933,212.0,5.0,1.0,1.696,2.9316150714175193,3.0901936161855166,1.1283791670955126,5.527906391541368,20,42,276,286,125,8.696
70,509.62493430333876,282.2435340654477,8.141809242163447,6.605429788762291,1.2098021266794006,36151.0,107.0,14.0,26.310771470160116,8.79484521425256,8.63044108762739,3.3377905890622728,15.306079714651624,485,533,252,305,1374,32.31077147016012
71,561.0415282392026,294.4933554817276,4.736277063731169,3.1988832977958275,-1.0166238467260191,602.0,8.0,3.0,2.8,4.583497844237541,4.478115991081385,1.5957691216057308,7.046725639945928,552,569,286,303,215,11.8
72,310.0490463215259,290.35967302452315,4.227675587697955,2.076310476118063,1.0943385854035856,367.0,5.0,3.0,2.584507042253521,4.886025119029199,3.6125759969217834,1.4927053303604616,5.585191925620057,304,316,283,298,142,10.584507042253522
73,672.4342857142857,291.89714285714285,2.171014342373834,1.9745737826630456,1.5016907171292415,175.0,5.0,3.0,2.536231884057971,3.385137501286538,2.5854414729132054,0.9772050238058398,3.949327084834294,668,676,286,296,69,9.53623188405797
74,342.83127018299245,287.6541980624327,7.315489947640526,4.80090517457241,0.9355610595152537,3716.0,21.0,5.0,6.707581227436823,6.102643417692329,6.407961869245868,2.4592453796829674,11.213046198183495,326,354,271,304,554,12.707581227436823
75,253.56711624919717,296.4020552344252,13.06220266541297,5.810065744235989,1.29633135792142,3114.0,12.0,4.0,4.467718794835007,8.311031542587394,8.07796550300118,3.0901936161855166,12.951807210534664,240,271,273,324,697,10.467718794835006
76,795.3975903614457,312.0120481927711,4.5254100469032625,1.8897819965197504,0.625108394634267,249.0,5.0,2.0,2.1842105263157894,3.5682482323055424,3.3377905890622728,1.2615662610100802,5.170882945826411,788,804,307,319,114,9.18421052631579
77,226.99481865284974,315.92746113989637,3.736196396170238,2.028119316985198,-0.09507086728602998,386.0,5.0,3.0,3.088,5.292567428401227,3.6125759969217834,1.4927053303604616,5.292567428401227,219,235,312,319,125,11.088
78,264.875,315.525,2.8655649194316806,2.118321904841892,-1.0720450007253575,200.0,4.0,2.0,2.1739130434782608,4.3336224206596095,3.0901936161855166,1.1283791670955126,4.720348719413148,258,269,310,321,92,13.173913043478262
79,170.0427807486631,308.96434937611406,3.525025496166455,2.4295359421286737,0.8347080652200553,561.0,9.0,4.0,4.007142857142857,3.9088200952233594,3.523362819972964,1.381976597885342,5.641895835477563,164,178,303,316,140,12.007142857142858
80,5.188940092165899,326.40552995391704,2.8354313724662403,1.6362233103535082,-0.2775382531430394,217.0,5.0,3.0,2.5833333333333335,3.7846987830302403,2.7057581899030048,1.1283791670955126,4.1841419359420025,0,11,322,330,84,10.583333333333334
81,392.0,329.33812949640287,6.995973409558025,2.1997515747107363,-0.5870905785678409,417.0,8.0,2.0,2.2180851063829787,3.6996385101659595,3.477898169151024,1.2615662610100802,6.023896332520351,378,399,322,344,188,11.21808510638298
82,31.434375,333.653125,5.228738427143815,2.07093953418667,0.6492277386440373,320.0,5.0,2.0,2.318840579710145,4.222008245644752,3.6996385101659595,1.381976597885342,5.725898905580716,24,44,328,341,138,9.318840579710145
83,338.3940719144801,339.34256559766766,13.267837826520916,4.194134779378703,-0.9144772089033045,2058.0,13.0,3.0,3.9961165048543688,5.556622981616415,6.257165172872317,2.326213245840639,11.098915530497878,317,353,324,363,515,9.996116504854369
84,147.9453781512605,333.1764705882353,3.244128111051674,1.9832054918365445,0.9872716764364238,238.0,5.0,3.0,2.6153846153846154,3.8678889139475245,2.985410660720923,1.1283791670955126,4.61809077155419,143,153,328,342,91,9.615384615384615
85,336.9024390243902,346.87108013937285,2.9393964695963946,1.9015887792177522,-0.28299615963984326,287.0,7.0,2.5,2.9895833333333335,3.1915382432114616,2.763953195770684,1.1283791670955126,4.54864184146723,328,342,342,351,96,12.989583333333334
86,239.69904761904763,342.72761904761904,4.25563274515113,2.2290436835975567,0.8801458600919172,525.0,9.0,3.0,3.28125,3.656366395715726,3.7846987830302403,1.381976597885342,6.076507779746499,234,248,336,351,160,10.28125
87,499.6802973977695,345.4498141263941,4.243812481897552,2.173174598944169,0.8310747209617285,269.0,5.0,2.0,2.186991869918699,3.6996385101659595,3.431831258788849,1.2615662610100802,5.440847306724618,494,510,338,351,123,9.1869918699187
88,790.2732919254659,347.9192546583851,3.011434908064447,1.3917643584726562,0.1326710362826981,161.0,5.0,2.0,2.515625,3.141274657157109,2.5231325220201604,0.9772050238058398,3.8678889139475245,784,796,345,351,64,9.515625
89,11.657718120805368,348.7718120805369,2.2397971935770937,1.87225988794811,0.5815121414959576,149.0,4.0,2.0,2.1911764705882355,3.949327084834294,2.6462837142006137,0.9772050238058398,3.9088200952233594,7,15,345,353,68,9.191176470588236
90,289.8082191780822,357.4876712328767,4.234622641976222,1.7954121953860818,0.11656462165968344,365.0,6.0,3.0,2.92,4.787307364817192,3.477898169151024,1.381976597885342,5.352372348458314,283,299,354,362,125,9.92
91,439.79021160586785,398.0101259249643,22.658498697281235,6.100075578876355,-1.2492025708968242,7703.0,16.0,5.0,5.796087283671934,10.186708148166206,11.156126814350138,4.1073621666150775,18.080493718666894,412,458,354,441,1329,13.796087283671934
92,836.744966442953,350.83557046979865,3.031027163050953,1.8947091249308163,0.0555731109688815,298.0,6.0,3.0,3.1041666666666665,4.259537945889915,3.0382538898732494,1.1283791670955126,4.720348719413148,829,843,347,355,96,10.104166666666666
93,105.65060240963855,356.43373493975906,2.104400549755983,1.8258101787094605,-0.7992540319186098,166.0,5.0,2.0,2.2133333333333334,3.1915382432114616,2.5231325220201604,0.9772050238058398,3.949327084834294,102,111,352,361,75,11.213333333333333
94,212.71714501510573,369.1287764350453,14.394982365161734,4.68878664352917,1.368981343454301,2648.0,14.0,3.0,3.5448460508701474,4.982787485166879,7.817640190446719,2.6462837142006137,13.061933202803933,192,223,344,403,747,10.544846050870147
95,162.88362068965517,362.73706896551727,4.701114451662855,2.700182210634035,0.06711465397876366,232.0,4.0,2.0,1.7313432835820894,4.720348719413148,3.5682482323055424,1.2615662610100802,5.725898905580716,154,171,358,369,134,8.73134328358209
96,416.1306666666667,368.984,3.910413264633959,1.8375722177200722,0.14990446774756339,375.0,7.0,2.0,2.9296875,3.989422804014327,3.0901936161855166,1.2615662610100802,4.950743503369154,404,425,363,373,128,10.9296875
97,367.5487804878049,377.25,1.8687778566759217,1.7401596593588868,-1.2864149910162792,164.0,6.0,2.0,2.6031746031746033,3.0382538898732494,2.256758334191025,0.7978845608028654,3.6125759969217834,364,371,372,381,63,11.603174603174603
98,909.6941176470589,378.56470588235294,2.571624444884939,2.1129332799308362,-0.6996963945819045,510.0,12.0,5.0,5.425531914893617,3.6996385101659595,2.9316150714175193,1.1283791670955126,4.686510657907603,905,916,373,383,94,11.425531914893616
99,732.1672862453531,371.0743494423792,5.167868283753683,1.7816068633755593,0.7063240302129106,269.0,5.0,2.0,2.2231404958677685,3.656366395715726,3.477898169151024,1.2615662610100802,5.4115163798060095,723,739,363,378,121,9.223140495867769
100,962.3769633507853,372.0732984293194,3.436499376678271,1.6503412613062929,-1.069588827581427,191.0,5.0,2.0,2.1222222222222222,3.3377905890622728,3.0382538898732494,1.1283791670955126,4.652426491681278,957,967,366,378,90,9.122222222222222
101,514.355737704918,389.3043032786885,12.40034855287625,5.0129865186254845,-0.19119859805035894,4880.0,14.0,5.0,5.6027554535017225,10.32636489145962,9.166995688475081,3.5682482323055424,14.239501307948768,487,546,377,403,871,11.602755453501722
102,292.3479809976247,395.8295724465558,5.105717324916791,3.155610886674084,-1.0164616345128419,1684.0,16.0,5.0,5.8068965517241375,5.232078956954491,5.014626706796775,1.8712051592547776,8.018640596081465,283,302,387,407,290,13.806896551724138
103,60.926253687315636,394.047197640118,2.6823531772191185,2.1963296586235095,-0.6390623709935378,339.0,7.0,3.0,3.0,3.6125759969217834,3.0382538898732494,1.1283791670955126,4.950743503369154,54,67,388,399,113,12.0
104,91.09556313993174,393.86348122866895,3.445191271351996,1.9182489994817224,0.8140053355478218,293.0,5.0,3.0,2.95959595959596,4.3336224206596095,3.1915382432114616,1.2615662610100802,4.853342309955121,85,96,388,399,99,13.95959595959596
105,653.4012158054711,390.34954407294833,3.9192736769639724,2.745634623224259,0.8040080198200377,329.0,5.0,2.0,1.993939393939394,4.370193722368317,3.742410318509555,1.381976597885342,5.970821321441846,645,660,384,399,165,10.993939393939394
106,323.4879938032533,390.3710302091402,7.278077509403309,4.176864300439443,-0.8555194878729905,1291.0,9.0,4.0,3.7970588235294116,6.333012368467128,5.527906391541368,2.1850968611841584,8.667244841319219,312,336,381,411,340,11.797058823529412
107,241.76300578034682,393.8872832369942,5.508371604701535,1.7804201164855955,1.1815766654213438,346.0,7.0,2.0,2.4892086330935252,3.431831258788849,3.2897623212397704,1.1283791670955126,5.292567428401227,235,247,384,402,139,12.489208633093526
108,133.30853850183343,396.51702462022,8.512418672844547,4.017340616117455,0.044763173216499315,1909.0,10.0,4.0,4.73697270471464,7.898654169668588,6.154581744998688,2.5231325220201604,9.690274321412074,114,149,388,415,403,12.73697270471464
109,16.158833063209077,390.71596434359805,12.88712022046042,5.178947349641497,-1.4199988715737915,2468.0,13.0,4.0,3.8145285935085007,5.440847306724618,7.442171739215616,2.763953195770684,11.954962939989485,3,34,368,416,647,10.8145285935085
110,396.7927272727273,393.35636363636365,2.2672167499046423,1.5546845054175877,1.5449963290030269,275.0,10.0,4.0,4.296875,2.9316150714175193,2.326213245840639,0.7978845608028654,3.7846987830302403,394,400,389,398,64,14.296875
111,173.24545454545455,399.24848484848485,4.770251053919627,2.6852543672150047,-0.03162636740268087,660.0,8.0,2.0,2.7385892116182573,4.982787485166879,4.442433223290478,1.692568750643269,7.091753098990329,161,183,393,407,241,11.738589211618256
112,805.9709677419355,418.3322580645161,2.2837959836202564,2.0764747263442036,-0.14851570802743272,310.0,7.0,3.0,3.522727272727273,3.523362819972964,2.763953195770684,1.1283791670955126,4.406461512053774,801,811,414,423,88,11.522727272727273
113,350.3610108303249,431.3321299638989,3.5256509347835654,1.7966811962737472,-0.7188116756327501,277.0,5.0,2.0,2.1811023622047245,4.145929793656026,3.1915382432114616,1.2615662610100802,4.918490759365935,344,357,424,437,127,10.181102362204724
114,8.711645101663587,430.003696857671,7.846559024520218,2.416233205211938,0.05452163257438213,541.0,8.0,3.0,3.056497175141243,4.3336224206596095,3.8678889139475245,1.4927053303604616,6.383076486422923,0,23,424,436,177,10.056497175141242
115,601.2731143314714,409.90488652787,7.7082675682193225,6.67905600139769,-0.02421210988701784,25601.0,83.0,12.0,21.26328903654485,8.537737635702333,8.136857890256438,3.1915382432114616,14.461313744703505,583,627,392,431,1204,27.26328903654485
116,281.0845070422535,424.1643192488263,2.6676098764533727,1.6727438832102735,1.436496452528733,213.0,7.0,2.0,2.5357142857142856,2.6462837142006137,2.6462837142006137,0.9772050238058398,4.1841419359420025,277,285,419,430,84,11.535714285714286
117,213.7231543624161,425.4513422818792,3.423300954602183,2.798726849278292,-1.5086673503973345,596.0,8.0,4.0,3.748427672955975,5.201570947860099,3.989422804014327,1.4927053303604616,6.102643417692329,208,220,417,433,159,10.748427672955975
118,110.65734265734265,432.56177156177154,6.51799620562251,2.3585823287772727,-0.3026560612719358,429.0,4.0,2.0,2.1666666666666665,6.746726148605861,4.54864184146723,1.7841241161527712,6.886811529393324,100,124,425,439,198,11.166666666666666
119,171.7128712871287,436.0049504950495,3.1174179829021065,1.8201920505412028,0.3247835820780174,202.0,4.0,2.0,2.1956521739130435,4.51351666838205,2.985410660720923,1.2615662610100802,4.583497844237541,165,177,432,441,92,10.195652173913043
120,519.4150326797386,437.56535947712416,3.3862349932098468,1.5537303906292472,1.546889122655849,306.0,10.0,3.0,3.2903225806451615,2.7057581899030048,2.6462837142006137,0.9772050238058398,4.54864184146723,516,523,432,447,93,11.290322580645162
121,558.9538834951456,439.68446601941747,3.4868726183711707,2.5703182240067433,-1.4864580160632175,412.0,7.0,3.0,2.54320987654321,3.8678889139475245,3.6125759969217834,1.381976597885342,5.641895835477563,551,565,433,448,162,10.54320987654321
122,77.73988439306359,451.0751445086705,2.1110203117231348,1.3565502621979104,0.955154986178562,173.0,8.0,2.0,2.621212121212121,2.5854414729132054,2.0342144725641096,0.7978845608028654,3.385137501286538,74,83,445,455,66,15.621212121212121
123,288.8103448275862,448.7413793103448,2.587001750279432,1.7313785394216168,-0.5588994310149589,232.0,7.0,3.0,2.9743589743589745,3.0382538898732494,2.5854414729132054,0.9772050238058398,4.145929793656026,283,293,444,453,78,10.974358974358974
124,97.90443686006826,464.6552901023891,7.596875097153796,4.310532674807267,-1.4488786106189253,1465.0,13.0,4.0,4.38622754491018,4.652426491681278,5.352372348458314,1.9544100476116797,8.574939283076915,87,107,449,479,334,15.386227544910179
125,984.0187969924812,451.81954887218046,4.285924098364923,1.8997939051957202,-1.22990054479485,266.0,5.0,2.0,2.062015503875969,3.826519928662906,3.523362819972964,1.381976597885342,5.613615477764332,979,990,443,459,129,9.062015503875969
126,196.64016736401675,459.56485355648533,2.77858964755426,1.8416215573245163,-0.15968723001051488,239.0,5.0,3.0,2.715909090909091,4.029119531035698,2.9316150714175193,1.1283791670955126,4.478115991081385,191,203,455,463,88,14.715909090909092
127,579.3451676528599,456.1834319526627,2.802755612619969,2.3716890776108164,-0.36503116850202755,507.0,9.0,3.0,3.9609375,4.029119531035698,3.2410224072142872,1.2615662610100802,5.170882945826411,573,586,450,461,128,10.9609375
128,551.5192307692307,463.89102564102564,2.123024388616772,1.6427023254261386,-0.6530950406573282,156.0,6.0,2.5,2.6,3.0901936161855166,2.393653682408596,0.7978845608028654,3.6996385101659595,548,556,460,468,60,9.6
129,382.68231611893583,455.9358372456964,5.493695269760754,2.5830251362606726,-1.48948906152242,639.0,9.0,3.0,3.380952380952381,3.6125759969217834,4.296739856991561,1.4927053303604616,6.886811529393324,376,388,447,467,189,20.38095238095238
130,222.69117647058823,466.29411764705884,2.032631547622577,1.6164783998617693,0.06483591919565693,136.0,5.0,2.0,2.4285714285714284,2.9316150714175193,2.256758334191025,0.7978845608028654,3.477898169151024,218,226,462,470,56,15.428571428571429
131,274.5325203252033,475.8252032520325,2.290172743717449,1.8262765253828286,1.4940775775138069,246.0,7.0,3.0,3.1948051948051948,3.3377905890622728,2.6462837142006137,0.9772050238058398,4.1073621666150775,271,279,470,481,77,15.194805194805195
132,1008.8139534883721,467.9011627906977,2.147643377184106,1.5885459968274183,0.8739130273822318,172.0,7.0,2.0,2.8666666666666667,2.4592453796829674,2.1850968611841584,0.7978845608028654,3.6996385101659595,1005,1012,464,472,60,9.866666666666667
133,782.71,476.1666666666667,2.3090299356490007,1.7435126359643784,0.8730394074654539,300.0,9.0,4.0,4.411764705882353,3.0901936161855166,2.4592453796829674,0.9772050238058398,3.9088200952233594,778,787,471,480,68,12.411764705882353
134,293.8743169398907,473.69398907103823,2.1809513815068096,1.6238055276785544,0.7863701300633744,183.0,8.0,2.0,2.6142857142857143,2.393653682408596,2.256758334191025,0.7978845608028654,3.742410318509555,289,298,469,478,70,14.614285714285714
135,140.609756097561,492.6006097560976,2.5899920730090207,2.107250351777286,0.9501292253408528,328.0,7.0,3.0,3.381443298969072,3.523362819972964,2.876813695875796,1.1283791670955126,4.720348719413148,135,145,487,498,97,19.38144329896907
136,76.20802005012531,486.7092731829574,3.7194480821955334,2.5271095084592985,-1.3086353021465769,399.0,8.0,2.0,2.418181818181818,3.656366395715726,3.385137501286538,1.2615662610100802,5.641895835477563,66,81,478,496,165,15.418181818181818
137,281.76060606060605,499.9040404040404,5.098003348461177,2.0734993880801698,-1.227276656184813,990.0,13.0,5.0,5.380434782608695,4.787307364817192,4.029119531035698,1.5957691216057308,6.257165172872317,276,289,491,511,184,15.380434782608695
138,411.50776053215077,495.5587583148559,3.3478469017783015,2.254865234557868,-1.3683511715894174,451.0,7.0,4.0,3.8220338983050848,4.370193722368317,3.3377905890622728,1.381976597885342,5.170882945826411,405,416,487,501,118,19.822033898305083
139,100.34645669291339,496.7204724409449,2.9376236742502053,1.8279744502422919,-0.30925195621634943,254.0,8.0,3.0,3.2564102564102564,3.141274657157109,2.7057581899030048,0.9772050238058398,4.3336224206596095,91,106,492,501,78,16.256410256410255
140,609.4681818181818,501.2818181818182,2.2677334062080505,1.7528279605927433,-1.135891633888717,220.0,7.0,4.0,3.6065573770491803,3.141274657157109,2.5231325220201604,0.9772050238058398,3.8678889139475245,605,613,497,506,61,9.60655737704918
141,345.4639945652174,492.4714673913044,8.389781716682238,2.867678970892188,-0.7277925365537748,1472.0,9.0,5.0,4.614420062695925,7.54834217738561,5.997417539138688,2.393653682408596,8.866935315394846,332,357,479,504,319,26.614420062695924
142,674.5936507936508,512.7968253968254,2.6909236403114445,2.203926557281832,-1.2561013379606283,315.0,6.0,3.0,2.94392523364486,4.51351666838205,3.1915382432114616,1.2615662610100802,4.853342309955121,670,680,507,519,107,9.94392523364486
143,347.66101694915255,531.0745762711864,2.4314502982191963,2.0121963747424045,1.4011493352977862,295.0,7.0,4.0,3.597560975609756,3.6996385101659595,2.8209479177387813,1.1283791670955126,4.3336224206596095,343,352,526,536,82,11.597560975609756
144,692.3414634146342,531.3658536585366,1.8347591086969406,1.2301602134886642,0.9388961500809108,123.0,6.0,3.0,3.075,2.763953195770684,1.9544100476116797,0.7978845608028654,2.985410660720923,689,696,528,535,40,11.075
145,937.5776805251642,539.601750547046,3.5958135135028284,2.8307695663322856,0.13291351435499402,457.0,6.0,2.0,2.3678756476683938,5.262410103554244,3.9088200952233594,1.4927053303604616,6.076507779746499,931,947,532,547,193,10.367875647668393
146,997.3998998998999,561.0864197530864,9.786456499374548,4.611788329165218,-0.5108387504102204,5994.0,19.0,6.0,7.664961636828645,9.389986074159536,7.776816725043752,3.2410224072142872,12.565098628628435,979,1021,545,579,782,14.664961636828645
147,396.2906765760404,530.5683470990405,7.896417683592698,7.1690643020327,1.1915988901263543,68891.0,177.0,27.0,46.57944557133198,9.507891862878783,9.13220620552083,3.5682482323055424,15.847602348589229,376,416,511,559,1479,75.57944557133199
148,475.4627606752731,553.6425024826217,4.883509077359171,3.173883759238663,0.18774873397780836,1007.0,11.0,4.0,5.164102564102564,4.982787485166879,4.145929793656026,1.692568750643269,6.723094811029982,460,484,545,562,195,18.164102564102564
149,583.0772303595206,574.300932090546,5.416843799442582,2.878711112415268,1.5706353184996908,751.0,9.0,3.0,2.9801587301587302,4.406461512053774,4.61809077155419,1.7841241161527712,7.334464586120832,576,591,563,588,252,12.98015873015873
150,487.6303317535545,586.5023696682465,2.232657327537128,1.8163692200945984,-0.041704519451888994,211.0,6.0,3.0,3.246153846153846,3.6996385101659595,2.6462837142006137,0.9772050238058398,3.989422804014327,483,492,583,590,65,12.246153846153845
151,521.5981385237891,507.9766539097394,27.784501722979993,15.113228514455821,0.711325147631883,328449.0,164.0,18.0,34.62460468058191,21.11757918283937,22.764193258431348,8.83096382707056,39.197982353804356,446,589,435,596,9486,41.62460468058191
152,415.6656050955414,598.2213375796179,5.636303010022625,2.2706107124275454,0.2474320743227193,628.0,7.0,3.0,2.7186147186147185,4.787307364817192,4.478115991081385,1.7841241161527712,7.001408606295148,402,427,593,606,231,16.71861471861472
153,789.2949152542373,611.5796610169491,4.13972398362348,1.367556913762968,-1.0120688645953044,295.0,7.0,4.0,3.782051282051282,3.6125759969217834,2.763953195770684,1.1283791670955126,4.370193722368317,784,794,604,617,78,9.782051282051283
154,757.6544117647059,606.5563725490196,3.031544989401164,1.85988835906055,1.3932659515997683,408.0,9.0,3.0,3.923076923076923,3.656366395715726,2.985410660720923,1.1283791670955126,4.787307364817192,753,761,600,615,104,10.923076923076923
155,553.0,616.7241379310345,3.4263191073286587,1.5933980345498178,0.26183782685659646,203.0,4.0,2.0,2.3068181818181817,4.54864184146723,3.0382538898732494,1.2615662610100802,4.583497844237541,546,559,613,620,88,9.306818181818182
156,737.5212121212121,621.969696969697,1.908998580977163,1.6417263112180964,-1.3362549696047252,165.0,6.0,3.0,3.3,3.1915382432114616,2.1850968611841584,0.7978845608028654,3.477898169151024,734,741,618,626,50,12.3
157,456.8270042194093,622.2278481012659,2.1964140195598647,1.814451816271503,0.4165383179501428,237.0,7.0,3.0,3.1184210526315788,3.0901936161855166,2.4592453796829674,0.9772050238058398,3.949327084834294,452,462,618,627,76,11.118421052631579
158,429.60758293838865,630.4094786729858,7.152013848275307,3.103280766508819,-0.7918538958342289,1055.0,11.0,4.0,3.8644688644688645,4.259537945889915,4.753945931439391,1.7841241161527712,7.756324418739616,419,442,616,641,273,12.864468864468865
159,340.93491471900415,621.827400077111,25.69241870408417,6.278935735259485,-0.8916396635987944,54467.0,45.0,14.0,16.610856968587985,17.921346912535476,15.967661658277217,6.358093703724522,26.001734523957655,293,384,567,672,3279,41.61085696858798
160,513.548532731377,632.9887133182845,3.6720411029804154,2.0209337157595733,-0.6979269371907199,443.0,8.0,3.0,3.141843971631206,4.442433223290478,3.385137501286538,1.2615662610100802,5.382025607773058,507,523,627,639,141,13.141843971631205
161,46.642483685074225,639.7979239018433,5.677129949116548,5.242230838230618,0.9863740235360036,26203.0,109.0,34.0,40.68788819875776,8.07796550300118,7.001408606295148,2.8209479177387813,11.269678104867614,33,61,626,654,644,89.68788819875776
162,657.28125,631.1375,2.159870336388558,2.0659628064112883,-0.40944189829120353,160.0,5.0,2.0,2.051282051282051,2.985410660720923,2.7057581899030048,0.9772050238058398,4.222008245644752,653,662,626,636,78,9.051282051282051
163,494.48793565683644,627.4932975871313,9.51925001242632,2.8006203336169166,-0.520529046393887,746.0,8.0,3.0,3.0826446280991737,5.014626706796775,5.014626706796775,1.8712051592547776,7.878478774854901,477,508,616,638,242,11.082644628099173
164,527.9213483146067,645.876404494382,2.2308560270260216,1.5293456449924065,1.1493493041007252,178.0,8.0,2.5,2.870967741935484,2.5231325220201604,2.326213245840639,0.7978845608028654,3.742410318509555,524,531,641,650,62,9.870967741935484
165,467.4786324786325,653.974358974359,3.4590757200845,2.1685212814920374,0.02936225913875306,234.0,5.0,2.0,2.3877551020408165,3.826519928662906,3.1915382432114616,1.2615662610100802,4.787307364817192,461,476,649,659,98,14.387755102040817
166,943.5626705857653,620.7846420323326,14.632623349995935,12.390041223046287,0.7714331319258082,19052.0,23.0,7.0,7.964882943143813,13.575766059431594,14.138550439257221,5.4700209598571305,23.11112262561905,912,977,590,672,2392,13.964882943143813
167,426.8390092879257,666.795665634675,5.597926818312078,3.0665280579432084,1.270404182409103,646.0,7.0,3.0,2.8584070796460175,4.886025119029199,4.51351666838205,1.692568750643269,7.158763278359629,419,435,653,676,226,13.858407079646017
168,539.5928853754941,660.9249011857708,3.0986756678702716,1.9855079893400391,0.9669274918099584,253.0,6.0,3.0,2.75,4.1073621666150775,3.0382538898732494,1.1283791670955126,4.652426491681278,533,543,656,667,92,9.75
169,794.2961730449251,673.7920133111481,4.108779357871285,2.039607849096496,0.7282318604104597,601.0,10.0,4.0,4.26241134751773,4.1841419359420025,3.523362819972964,1.381976597885342,5.670035141386943,788,803,667,681,141,11.26241134751773
170,650.6645789839945,656.5765483646486,6.866965523687168,3.2598133062457673,-1.5183568927172248,2874.0,18.0,7.0,7.623342175066313,6.651697090182843,5.725898905580716,2.326213245840639,9.287732724180174,643,660,643,674,377,13.623342175066313
171,570.9881337648328,662.7756202804746,5.645241655882531,2.7483179383022613,1.5641178370529505,927.0,8.0,4.0,3.768292682926829,6.530966601401967,4.918490759365935,2.0342144725641096,7.506054213402069,563,577,651,674,246,10.768292682926829
172,863.859022556391,675.5507518796992,5.489926093171276,2.18158514163413,1.0815191519776695,532.0,8.0,3.0,2.8,4.51351666838205,4.145929793656026,1.5957691216057308,6.555290583552474,858,871,666,686,190,10.8
173,522.3557046979865,675.1711409395973,3.5806024916980252,2.046435992972287,0.5815483898619743,298.0,5.0,3.0,3.0721649484536084,4.583497844237541,3.385137501286538,1.381976597885342,5.014626706796775,516,528,670,682,97,12.072164948453608
174,136.0239352340725,676.9774727208729,5.193372918314636,2.589474015143383,1.254149297265171,2841.0,29.0,10.0,11.64344262295082,5.077706251929807,4.583497844237541,1.7841241161527712,7.334464586120832,130,143,663,688,244,165.64344262295083
175,484.6467474203679,682.274233587558,8.229532440279176,6.727424091406492,-0.22272520848629834,33435.0,93.0,12.0,24.0021536252692,9.321941800299703,8.740387444736633,3.477898169151024,15.326861909850873,453,508,660,702,1393,34.0021536252692
176,971.8351648351648,696.5192307692307,2.5596859133112906,2.190169216659574,0.15287576943874878,364.0,8.0,4.0,4.044444444444444,4.145929793656026,2.985410660720923,1.1283791670955126,4.61809077155419,967,978,692,701,90,14.044444444444444
177,411.3302540415704,698.0889145496536,8.362090491380147,4.1667099004255,1.053700779031025,2598.0,13.0,5.0,5.469473684210526,7.776816725043752,6.770275002573076,2.5854414729132054,10.509687459947386,396,423,684,722,475,15.469473684210527
178,434.3229166666667,701.4826388888889,2.7938106424010987,2.040333840158125,1.564967318074145,288.0,7.0,2.0,2.6666666666666665,3.477898169151024,2.985410660720923,1.1283791670955126,4.686510657907603,430,439,694,707,108,17.666666666666668
179,832.7664233576643,695.9671532846716,3.564376881085206,2.741040518251987,1.1107499809043742,274.0,4.0,2.0,2.15748031496063,5.499039842323396,3.6125759969217834,1.381976597885342,5.556622981616415,826,839,688,704,127,9.15748031496063
180,352.7066326530612,687.9579081632653,7.630689714237652,1.8924645401110751,-0.41497513379402534,784.0,8.0,3.0,3.5636363636363635,5.836022431559495,4.54864184146723,1.7841241161527712,7.136496464611085,340,369,681,696,220,17.563636363636363
181,598.4789450179945,690.4959939054825,10.764646396976637,7.66767275945695,0.7313059943527214,38067.0,105.0,8.0,20.07753164556962,8.79484521425256,8.866935315394846,3.431831258788849,18.229523339239496,576,631,668,726,1896,25.07753164556962
182,680.4061757719714,711.6437054631829,4.329144692170802,1.9372157746624536,-1.42366814962911,421.0,7.0,3.0,3.050724637681159,4.029119531035698,3.477898169151024,1.381976597885342,5.556622981616415,673,685,704,723,138,10.05072463768116
183,306.22800718132856,723.1992818671454,3.932001522313598,2.1444046704723196,-0.7281543829536197,557.0,9.0,4.0,3.7635135135135136,4.1841419359420025,3.742410318509555,1.381976597885342,5.781222885281108,300,314,716,729,148,25.763513513513512
184,729.1686046511628,725.6627906976744,2.6123307829949343,2.0948129751997144,0.22939434974591794,172.0,4.0,2.0,1.9111111111111112,4.068428945128219,2.9316150714175193,1.1283791670955126,4.720348719413148,723,734,720,730,90,8.911111111111111
185,1018.045871559633,722.0091743119266,6.6544322619758,2.0522562575794656,-0.8380283807587995,327.0,5.0,2.0,2.2244897959183674,4.259537945889915,3.6996385101659595,1.4927053303604616,5.808687281605183,1005,1023,712,733,147,9.224489795918368
186,523.0736607142857,742.6897321428571,5.16629430761409,2.206450853499836,-1.4090596134973588,448.0,6.0,3.0,2.6666666666666665,5.4700209598571305,4.068428945128219,1.5957691216057308,6.154581744998688,518,530,732,754,168,9.666666666666666
187,436.82183908045977,746.2816091954023,2.508857364424553,1.3967503398336132,1.5658609757388111,174.0,6.0,3.0,2.8524590163934427,3.2410224072142872,2.326213245840639,0.7978845608028654,3.6996385101659595,434,440,741,752,61,9.852459016393443
188,484.57074652777777,740.2825520833334,8.507205849091482,5.6769655407848285,-0.9716025776553046,2304.0,11.0,4.0,4.380228136882129,7.001408606295148,7.001408606295148,2.7057581899030048,11.18462271470208,468,500,721,755,526,10.38022813688213
189,373.48230088495575,741.8761061946902,2.404996669804004,1.8858745384901967,0.038783345311859015,226.0,6.0,3.0,2.7228915662650603,3.6996385101659595,2.7057581899030048,1.1283791670955126,4.222008245644752,368,380,738,746,83,14.72289156626506
190,642.0760456273764,740.8821292775665,3.160545275043406,2.3583085729439786,-0.47509842681373476,526.0,8.0,5.0,4.420168067226891,4.853342309955121,3.523362819972964,1.381976597885342,5.322553886092406,635,649,736,747,119,10.420168067226891
191,699.997150997151,740.6210826210826,4.172925370086894,1.8002300287940471,1.3786207354868614,351.0,6.0,3.0,2.808,4.652426491681278,3.385137501286538,1.2615662610100802,5.292567428401227,696,705,732,750,125,9.808
192,340.5079787234043,757.3377659574468,3.363003828139545,2.8724033734870966,-1.340931040561848,1128.0,14.0,6.0,6.520231213872832,5.108953969950291,3.949327084834294,1.5957691216057308,6.3078313050504,334,347,750,766,173,18.520231213872833
193,410.1972972972973,752.7702702702703,3.474324246986213,1.739700618945923,-0.4585340235313397,370.0,8.0,3.0,3.5238095238095237,3.7846987830302403,3.0382538898732494,1.1283791670955126,4.950743503369154,404,417,748,758,105,12.523809523809524
194,712.5916666666667,767.3416666666667,1.9678374729765225,1.6002531438149286,-0.6370985341152219,120.0,5.0,2.0,1.9047619047619047,2.8209479177387813,2.256758334191025,0.7978845608028654,3.385137501286538,709,717,764,772,63,9.904761904761905
195,46.09104151493081,766.796067006555,7.006257449649646,2.1612329764857208,-0.6307684942769086,1373.0,10.0,5.0,5.3843137254901965,6.955796338302048,5.046265044040321,2.0342144725641096,7.756324418739616,35,60,757,777,255,53.384313725490195
196,653.1085972850678,769.4434389140272,2.835208594721087,2.006154031044434,-0.17567290744069325,221.0,5.0,2.0,2.3020833333333335,3.523362819972964,2.985410660720923,1.1283791670955126,4.753945931439391,647,658,765,774,96,10.302083333333334
197,432.5175879396985,793.7336683417085,6.525323921453497,2.1770643880969773,-1.2803674491298978,398.0,10.0,2.0,2.3832335329341316,2.256758334191025,3.5682482323055424,1.1283791670955126,6.128667601500942,428,441,780,804,167,9.383233532934131
198,474.1167836630504,789.8404594767071,4.889882888282021,3.399132505500971,-0.9219451845360565,1567.0,13.0,5.0,4.912225705329154,5.670035141386943,5.170882945826411,1.9544100476116797,8.175883811466258,464,484,774,802,319,11.912225705329154
199,364.04661016949154,778.7033898305085,4.046998226455952,1.889389014369927,-0.6608417325347027,236.0,4.0,2.0,2.107142857142857,4.918490759365935,3.3377905890622728,1.2615662610100802,4.982787485166879,358,373,773,785,112,13.107142857142858
200,185.96968345965226,784.9772625947392,4.051904553940441,3.3915502200879706,-1.2443775801713213,2243.0,21.0,8.0,8.593869731800766,5.4700209598571305,4.753945931439391,1.8712051592547776,7.527227892173502,178,194,776,794,261,39.593869731800766
201,219.04784240150093,810.9324577861163,5.760738996429949,4.794197918364557,-1.1772346220894663,1066.0,10.0,3.0,3.8345323741007196,5.382025607773058,4.853342309955121,1.8712051592547776,8.156394191823509,212,234,802,827,278,19.834532374100718
202,370.19166666666666,809.3833333333333,1.6957293655736005,1.49415127409076,1.0264475282368686,120.0,5.0,2.0,2.1818181818181817,2.7057581899030048,2.0342144725641096,0.7978845608028654,3.1915382432114616,366,374,806,813,55,12.181818181818182
203,88.19774011299435,817.8886198547216,6.157763131571636,2.4888327252559783,-0.4618885101335308,1239.0,12.0,5.0,5.1625,5.725898905580716,4.820437914901168,1.8712051592547776,7.54834217738561,78,102,810,826,240,22.1625
204,405.29411764705884,810.4448529411765,3.208182247086532,1.9327874533640388,0.4128312204780106,272.0,5.0,3.0,2.924731182795699,4.259537945889915,3.0901936161855166,1.2615662610100802,4.753945931439391,400,411,806,815,93,11.924731182795698
205,291.6292201971915,815.3310427248282,4.455785376142917,3.8101279841183255,1.2814510940652977,3347.0,23.0,10.0,10.625396825396825,6.651697090182843,5.322553886092406,2.1850968611841584,8.291859587312052,282,301,805,825,315,48.62539682539683
206,632.6818181818181,826.3831168831168,2.508501606335589,1.5347655755012903,-0.13905420693378948,154.0,4.0,2.0,2.3692307692307693,3.9088200952233594,2.5854414729132054,0.9772050238058398,3.8678889139475245,627,638,823,829,65,9.36923076923077
207,945.438596491228,833.2923976608187,2.095799217768591,1.737763172660823,1.0519373216555823,171.0,5.0,3.0,2.375,3.431831258788849,2.4592453796829674,0.9772050238058398,3.6996385101659595,941,949,829,838,72,10.375
208,668.2046332046332,826.003861003861,2.683085917249735,2.1548387849586317,-1.4639198858247053,259.0,5.0,3.0,2.6979166666666665,4.068428945128219,3.0382538898732494,1.2615662610100802,4.652426491681278,662,672,820,832,96,9.697916666666666
209,560.5302013422819,839.0671140939597,2.1202283489923532,1.7997633765108785,0.3389720067165145,149.0,5.0,2.0,2.257575757575758,2.9316150714175193,2.4592453796829674,0.9772050238058398,3.9088200952233594,556,565,835,843,66,9.257575757575758
210,343.868,832.752,2.84295034369532,2.265106033591425,-0.3689006020239098,250.0,6.0,2.0,2.450980392156863,3.6996385101659595,3.0382538898732494,1.1283791670955126,4.820437914901168,339,352,828,838,102,15.450980392156863
211,518.7835558678847,853.1553056921996,7.1971703032052945,3.4743983981561386,1.2341731607214044,1423.0,9.0,4.0,3.6025316455696204,6.746726148605861,6.154581744998688,2.4592453796829674,9.373021315815206,509,527,839,868,395,10.60253164556962
212,67.64965986394557,853.5714285714286,2.879764419502641,2.4721305713181483,0.19151860103119706,294.0,6.0,3.0,2.94,4.442433223290478,3.1915382432114616,1.2615662610100802,4.886025119029199,61,74,848,859,100,9.94
213,37.209363957597176,842.7685512367491,7.224267484814953,3.266114588874244,-0.5332946609069341,1132.0,9.0,4.0,4.50996015936255,5.997417539138688,4.982787485166879,2.0342144725641096,7.837972188868215,24,48,836,855,251,14.50996015936255
214,117.95376486129459,848.2476882430648,4.563858011020809,2.5524973308346324,-1.4819306098245866,1514.0,15.0,7.0,7.646464646464646,5.585191925620057,4.442433223290478,1.7841241161527712,6.793742230659745,112,123,838,857,198,19.646464646464647
215,699.7967213114754,857.8393442622951,2.8225083348866202,1.7524931500563967,-1.0759955013862,305.0,7.0,3.0,3.3516483516483517,3.656366395715726,2.8209479177387813,1.1283791670955126,4.370193722368317,695,705,852,864,91,11.351648351648352
216,328.2337917485265,851.4911591355599,4.100604866236831,2.917858508105497,-0.779011540829859,509.0,7.0,3.0,2.736559139784946,4.54864184146723,4.029119531035698,1.5957691216057308,6.257165172872317,320,336,842,859,186,17.736559139784948
217,98.93838862559242,863.1090047393365,2.667481540277215,2.0274541668898047,0.6384189686837497,211.0,6.0,2.0,2.397727272727273,3.431831258788849,2.763953195770684,0.9772050238058398,4.406461512053774,92,104,858,867,88,13.397727272727273
218,577.7754010695187,861.524064171123,2.6311082102412615,1.4926880048978726,-0.6786972724087661,187.0,5.0,3.0,2.75,3.3377905890622728,2.5231325220201604,0.9772050238058398,3.949327084834294,573,583,857,866,68,9.75
219,177.87951361255577,882.4758194369899,8.243434228363341,7.017532761451139,0.6605417691240537,54031.0,138.0,22.0,36.65603799185889,9.541311620975605,9.218933756735217,3.6125759969217834,16.106599803800595,151,199,857,905,1474,48.65603799185889
220,10.034324942791763,865.5606407322655,4.269614726809601,1.7807697750586535,-0.2084641608762961,437.0,9.0,3.0,3.6115702479338845,3.2897623212397704,3.141274657157109,1.1283791670955126,5.292567428401227,0,18,861,870,121,10.611570247933884
221,895.4781199351702,870.8282009724473,6.470399270162668,2.298043970854789,1.0831517787245277,617.0,7.0,3.0,3.0696517412935322,4.982787485166879,4.370193722368317,1.692568750643269,6.863662517577698,887,903,858,879,201,10.069651741293532
222,341.0676691729323,872.6578947368421,2.775916024736362,2.196144584378129,-0.740400906357153,266.0,5.0,3.0,2.485981308411215,4.1841419359420025,3.141274657157109,1.2615662610100802,4.820437914901168,336,347,867,878,107,14.485981308411215
223,432.64157026360704,858.6405588216702,8.980759328831962,7.2712418784298585,1.0040559448531012,15819.0,51.0,7.0,12.224884080370943,8.07796550300118,8.444016491289505,3.2410224072142872,15.877702285203682,405,450,832,887,1294,18.22488408037094
224,485.23805348531346,900.407167908812,9.736484933366887,5.370654102003013,0.9065462847478175,9124.0,43.0,5.0,10.609302325581396,6.793742230659745,6.955796338302048,2.6462837142006137,12.753679933255228,459,505,866,917,860,16.609302325581396
225,561.0661896243291,881.0125223613595,7.236237969392852,2.6984617945299214,-0.3074822127680192,559.0,6.0,3.0,2.6875,5.808687281605183,4.296739856991561,1.692568750643269,6.770275002573076,544,571,873,887,208,9.6875
226,617.2754367934224,872.5077081192189,6.911807339086255,2.4894778805374287,1.1884909026152468,973.0,10.0,5.0,5.528409090909091,5.970821321441846,4.3336224206596095,1.692568750643269,6.699380116989518,610,624,856,882,176,10.528409090909092
227,106.09569377990431,887.4928229665072,2.3919318607763573,1.872190988381572,-0.5999942376939573,209.0,6.0,2.0,2.223404255319149,3.523362819972964,2.6462837142006137,0.9772050238058398,4.222008245644752,101,111,881,893,94,14.22340425531915
228,594.3636363636364,874.5954545454546,3.777655702204668,2.408653313385553,1.1262691160720852,220.0,6.0,2.0,1.8032786885245902,2.5854414729132054,3.385137501286538,1.1283791670955126,5.527906391541368,589,600,870,884,122,8.80327868852459
229,455.8244680851064,890.9148936170212,2.3804558220695635,1.7602746998934928,0.23469393806207747,188.0,5.0,3.0,2.611111111111111,3.5682482323055424,2.6462837142006137,0.9772050238058398,4.029119531035698,451,461,887,895,72,11.61111111111111
230,52.66594477531132,882.0443963183541,7.487865419104999,4.3391304511830775,-0.5311098946477044,1847.0,12.0,4.0,4.809895833333333,6.723094811029982,5.836022431559495,2.256758334191025,9.287732724180174,35,65,869,894,384,14.809895833333334
231,889.3904761904762,898.7915966386555,4.7433054466966444,4.1737268431516625,-0.25157554053187214,1785.0,12.0,5.0,5.36036036036036,6.627726932618989,5.613615477764332,2.1850968611841584,8.938444016277748,879,900,890,911,333,11.36036036036036
232,293.30392156862746,894.343137254902,1.768886428202227,1.3698961942508752,-0.2773308756457246,102.0,5.0,2.0,2.4285714285714284,2.4592453796829674,1.8712051592547776,0.7978845608028654,3.0382538898732494,289,297,892,898,42,11.428571428571429
233,121.19555555555556,907.8148148148148,5.097192603727938,3.5601939443434687,0.4392366889379109,1350.0,10.0,4.0,4.078549848942598,6.4820448144285745,5.140011726956917,2.0342144725641096,8.272643200907131,110,135,896,916,331,13.078549848942599
234,169.20219593438094,655.8827489514465,80.03196378992152,72.59311904188189,-0.5111011408734659,3359390.0,176.0,13.0,26.805212007085522,53.06382245166487,75.61192938780934,27.524126309792685,150.34673241400867,0,511,416,931,125326,31.805212007085522
235,434.0358565737052,901.8127490039841,4.002341396631703,1.7448542371649638,-0.9214982388494892,251.0,6.0,2.0,2.324074074074074,3.8678889139475245,2.985410660720923,1.1283791670955126,4.686510657907603,429,441,892,910,108,11.324074074074074
236,558.2628571428571,907.1057142857143,3.1127222637740006,2.188111875117045,1.172475230000275,350.0,6.0,3.0,2.8925619834710745,4.406461512053774,3.2897623212397704,1.2615662610100802,5.201570947860099,553,563,901,915,121,9.892561983471074
237,360.8631284916201,902.5418994413408,3.5115446132746824,2.3722595421675376,1.2707757451953232,358.0,6.0,3.0,2.910569105691057,4.54864184146723,3.477898169151024,1.2615662610100802,5.556622981616415,356,366,897,911,123,12.910569105691057
238,648.2137586805555,916.8266059027778,9.010508470383428,4.0734569759990835,-0.37730591899250904,4608.0,21.0,6.0,7.958549222797927,7.269074295019226,6.651697090182843,2.6462837142006137,11.18462271470208,630,672,905,929,579,13.958549222797927
239,217.41559485530547,901.5980707395498,7.243513051599944,2.6290459642721684,0.9238488525851136,1244.0,12.0,4.0,4.274914089347079,5.077706251929807,5.201570947860099,1.9544100476116797,8.156394191823509,208,228,891,915,291,15.27491408934708
240,386.6655405405405,913.8783783783783,2.9093750104900526,2.5255646287857623,0.1035142227623079,592.0,9.0,4.0,4.553846153846154,4.3336224206596095,3.431831258788849,1.381976597885342,5.440847306724618,381,393,908,920,130,13.553846153846154
241,299.8434004474273,931.9463087248322,3.600460702260807,2.025092381515948,0.867257816870833,447.0,7.0,3.0,3.6048387096774195,4.3336224206596095,3.477898169151024,1.381976597885342,5.4700209598571305,294,306,925,939,124,10.60483870967742
242,769.14375,930.05,2.4905775663340632,1.704438125528499,-0.4277080458219639,160.0,4.0,2.0,2.2535211267605635,3.949327084834294,2.6462837142006137,0.9772050238058398,4.068428945128219,764,774,925,934,71,10.253521126760564
243,402.6215384615385,928.5261538461539,4.383781851762116,2.417739149134068,-0.9944512373353193,650.0,7.0,4.0,3.8461538461538463,5.322553886092406,4.1841419359420025,1.692568750643269,6.4820448144285745,396,409,921,937,169,9.846153846153847
244,252.02591463414635,916.6943597560976,12.19656478622958,3.9745218010341348,-0.4747380782798243,1312.0,9.0,3.0,3.4435695538057742,5.585191925620057,6.180387232371033,2.256758334191025,9.853147481188747,235,274,905,931,381,9.443569553805775
245,46.34582743988685,931.0261669024045,6.311013349904977,2.8209000301403355,0.9229968343183396,1414.0,14.0,4.0,4.944055944055944,4.787307364817192,5.046265044040321,1.8712051592547776,8.175883811466258,35,57,921,943,286,12.944055944055943
246,96.25712719298245,955.90625,11.011429113912698,6.426307565169781,1.2615967281110092,1824.0,9.0,3.0,3.081081081081081,6.955796338302048,7.069275219628611,2.763953195770684,11.507254783503184,80,112,936,974,592,10.08108108108108
247,529.6962962962963,938.562962962963,2.826613963844263,2.0242002268663843,0.35959137272993047,270.0,5.0,2.0,2.6732673267326734,3.989422804014327,2.985410660720923,1.2615662610100802,4.720348719413148,523,535,934,944,101,9.673267326732674
248,270.6923076923077,946.0076923076923,2.3360164986534944,1.4709445283635068,1.0990558961524424,130.0,5.0,2.0,1.9402985074626866,2.5854414729132054,2.256758334191025,0.7978845608028654,3.742410318509555,267,275,941,951,67,11.940298507462687
249,957.1615120274914,942.0,6.166528899917785,2.1569196891407274,0.07680682998703711,582.0,6.0,3.0,3.0,6.154581744998688,4.478115991081385,1.7841241161527712,6.723094811029982,945,968,937,947,194,10.0
250,785.4385026737968,947.9679144385027,2.8284268624187465,1.6250883066823183,-0.26738470429334554,187.0,5.0,2.0,2.460526315789474,3.385137501286538,2.763953195770684,1.1283791670955126,4.222008245644752,780,791,944,952,76,9.460526315789474
251,2.3959537572254335,962.9768786127167,2.4875531705418807,1.8211575874452657,1.2018522024041107,346.0,9.0,4.5,4.805555555555555,3.385137501286538,2.6462837142006137,0.9772050238058398,4.068428945128219,0,8,957,967,72,16.805555555555557
252,241.03296703296704,962.7417582417582,2.4986047306337547,1.8875447392447195,-0.029641495516945948,182.0,5.0,2.0,2.3947368421052633,3.0901936161855166,2.6462837142006137,0.9772050238058398,4.145929793656026,235,247,958,967,76,9.394736842105264
253,762.1963722397477,950.6324921135647,6.755677818390453,3.299263953919409,1.1095892563708543,1268.0,11.0,4.0,4.512455516014235,5.140011726956917,5.077706251929807,1.9544100476116797,8.272643200907131,753,774,940,967,281,10.512455516014235
254,174.05423987776928,964.0366692131398,9.413040877276924,4.732654040438529,-0.5264837867651311,1309.0,7.0,3.0,3.0371229698375872,7.2909362219603215,6.6036697681803656,2.5231325220201604,10.092530088080641,159,188,951,980,431,11.037122969837586
255,410.3211845102506,977.874715261959,5.683911250929882,3.344705278604606,0.907315333476071,439.0,6.0,2.0,2.5823529411764707,5.170882945826411,4.259537945889915,1.5957691216057308,6.4820448144285745,402,418,971,987,170,10.58235294117647
256,991.9096638655462,975.8802521008404,8.551914217577886,3.4906589654762543,0.40204357022778403,952.0,9.0,2.0,2.9843260188087775,4.950743503369154,5.046265044040321,1.9544100476116797,8.481629223064205,977,1006,966,985,319,9.984326018808778
257,52.798107255520506,967.7223974763407,4.178064156085175,1.7465857392261923,-0.5100631867274685,317.0,6.0,2.0,2.6638655462184873,4.3336224206596095,3.2897623212397704,1.2615662610100802,5.201570947860099,42,60,962,973,119,9.663865546218487
258,475.87279151943466,976.4204946996466,2.5671703643763304,1.9993892213134246,-0.6370968584438584,283.0,7.0,4.0,3.451219512195122,3.6996385101659595,2.9316150714175193,1.1283791670955126,4.370193722368317,471,481,972,981,82,14.451219512195122
259,735.265306122449,974.2597402597403,4.977854700668903,2.0803865499062457,-0.48224155446681605,539.0,9.0,3.0,3.3271604938271606,3.656366395715726,3.6996385101659595,1.381976597885342,6.023896332520351,724,744,968,981,162,11.32716049382716
260,367.9024313763327,964.4413623426118,12.291482192786534,6.651010244886273,0.9309290549529603,41458.0,109.0,10.0,21.53662337662338,8.95623198216277,9.27058084855655,3.6125759969217834,18.229523339239496,343,402,941,1005,1925,27.53662337662338
261,238.89622641509433,979.6383647798742,3.871748968549628,1.7009315588602283,-0.1662777460812301,318.0,6.0,3.0,2.814159292035398,4.652426491681278,3.2897623212397704,1.381976597885342,5.014626706796775,231,247,976,984,113,9.814159292035399
262,503.7723865877712,974.3163708086785,6.225753658152217,5.647198807832661,0.40130206376759575,2535.0,16.0,4.0,4.801136363636363,5.201570947860099,6.770275002573076,2.393653682408596,11.127557940783529,489,517,960,991,528,10.801136363636363
263,142.51011235955056,989.1752808988764,6.937725120457815,4.230647758300699,1.2265443102841465,445.0,5.0,2.0,2.367021276595745,4.820437914901168,4.406461512053774,1.692568750643269,6.770275002573076,136,156,976,1000,188,11.367021276595745
264,389.52329749103944,991.1541218637993,2.970890185745295,1.7407870504217187,1.1447904351799443,279.0,7.0,3.0,2.90625,3.656366395715726,2.9316150714175193,1.1283791670955126,4.478115991081385,385,395,985,997,96,21.90625
265,267.1482699456677,1016.3220379372796,6.655513600317833,4.585730876429534,-0.020243397943498963,20982.0,93.0,23.0,31.03846153846154,7.756324418739616,6.6755811781245455,2.7057581899030048,11.012541334134653,249,285,1002,1023,676,38.03846153846154
266,11.961223141780316,1007.1075882970043,16.351794394042418,8.845996808518882,-1.4802621150707331,25737.0,89.0,8.0,14.235066371681416,6.282549314314218,9.706684619910241,3.477898169151024,18.360015508398526,0,50,939,1023,1808,20.235066371681416
267,513.4,1014.2117647058824,2.8571372575972624,2.341978560323421,0.7970134621128282,340.0,7.0,2.0,2.65625,3.5682482323055424,3.2410224072142872,1.2615662610100802,5.170882945826411,507,519,1008,1020,128,10.65625
268,66.34892353377877,1020.4758723088345,5.707343662176163,2.3249560091314296,-0.09018880276304661,1347.0,18.0,6.0,6.6683168316831685,4.652426491681278,4.068428945128219,1.5957691216057308,6.530966601401967,53,79,1012,1023,202,13.668316831683168
