ID,X,Y,A,B,theta,total_flux,mu_max,mu_median,mu_mean,R_fwhm,R_e,R10,R90,x_start,x_end,y_start,y_end,area,greylevel
0,415.4422991986785,390.07189643873335,357.7520946877299,261.2148452308215,-0.6638392016621791,6916949.0,29.0,15.0,14.661293433633682,287.59062499749786,234.91231006112233,98.29860072755436,343.89426218431544,0,1023,0,1023,471783,14.661293433633682
1,611.75,1.7162162162162162,5.2109937825621175,1.3580877931973894,0.04933401788152542,148.0,4.0,2.0,1.7209302325581395,3.8678889139475245,2.8209479177387813,0.9772050238058398,4.51351666838205,603,621,0,6,86,24.72093023255814
2,992.2093023255813,5.186046511627907,4.548145313878658,1.7486162707557695,-0.1364828828218889,258.0,5.0,2.0,2.263157894736842,3.9088200952233594,3.431831258788849,1.2615662610100802,5.232078956954491,984,1002,2,9,114,24.263157894736842
3,839.0441640378549,11.668769716088327,4.452943119354547,1.8146823684588766,-1.5384637243339336,317.0,5.0,3.0,2.7327586206896552,4.478115991081385,3.431831258788849,1.381976597885342,5.262410103554244,836,844,3,21,116,23.732758620689655
4,482.1941176470588,11.809411764705882,4.894825829636945,2.9958153907227243,-1.2786785147495263,850.0,7.0,3.0,3.586497890295359,6.128667601500942,4.787307364817192,1.9544100476116797,7.420755373261929,475,493,0,22,237,26.58649789029536
5,448.1345029239766,15.175438596491228,2.021481788593528,1.706319215874705,0.5040651562273817,171.0,7.0,3.0,3.0,2.5231325220201604,2.393653682408596,0.7978845608028654,3.742410318509555,444,452,12,19,57,24.0
6,735.8176638176639,16.856125356125357,3.1355434764442847,2.542326406989072,-0.5712101502632314,702.0,11.0,4.0,4.529032258064516,4.370193722368317,3.6125759969217834,1.4927053303604616,5.641895835477563,728,742,10,23,155,26.529032258064515
7,373.6132596685083,22.055248618784532,3.3003526262951812,1.6265484262773497,0.7372613427384097,181.0,4.0,2.0,1.946236559139785,4.296739856991561,2.9316150714175193,1.1283791670955126,4.478115991081385,368,379,16,27,93,24.946236559139784
8,397.93,31.72,2.669089630132108,2.103012255391869,1.3391022032207245,300.0,6.0,3.0,3.2967032967032965,4.406461512053774,3.0382538898732494,1.1283791670955126,4.652426491681278,393,403,25,37,91,24.296703296703296
9,467.6912442396313,24.737327188940093,3.7144341054944245,1.4565718174841893,1.169851336563543,217.0,5.0,3.0,2.8181818181818183,3.6125759969217834,2.876813695875796,1.1283791670955126,4.442433223290478,463,471,17,31,77,25.818181818181817
10,967.0053475935829,27.32085561497326,2.168934929731034,1.9069857407711235,0.9113239339623962,187.0,6.0,3.0,2.6338028169014085,3.5682482323055424,2.6462837142006137,0.9772050238058398,3.989422804014327,963,971,23,31,71,24.633802816901408
11,1020.7395833333334,37.635416666666664,1.7838028339592653,1.72982935641756,-0.5502478982754307,96.0,4.0,2.0,1.7142857142857142,3.0382538898732494,2.111004122822376,0.7978845608028654,3.3377905890622728,1015,1023,33,41,56,23.714285714285715
12,527.2242152466367,26.83931240657698,5.687230689450856,2.6730289768699773,-1.2980515263793388,1338.0,12.0,5.0,5.417004048582996,6.180387232371033,4.950743503369154,1.8712051592547776,7.653039857325812,521,534,16,39,247,26.417004048582996
13,634.625,36.26442307692308,2.949489361522564,1.7890066701158234,-0.7817727540467466,416.0,9.0,4.0,4.425531914893617,3.7846987830302403,2.9316150714175193,1.1283791670955126,4.583497844237541,629,640,30,41,94,25.425531914893618
14,542.1838235294117,38.52205882352941,1.9972656550042407,1.6930322218123648,0.8363393821777693,136.0,5.0,2.0,2.5185185185185186,2.8209479177387813,2.326213245840639,0.7978845608028654,3.6125759969217834,538,547,35,42,54,24.51851851851852
15,572.1489283074649,24.34589800443459,8.807839142884553,5.363403928022521,0.9798745683064021,2706.0,12.0,4.0,4.893309222423146,7.958873497585845,7.247146419131151,2.8209479177387813,11.64474179680661,555,587,0,41,553,24.893309222423145
16,374.5508474576271,44.41525423728814,2.2864273924544762,1.7147736213451505,-0.5825028785026359,118.0,4.0,2.0,2.0,3.523362819972964,2.393653682408596,0.7978845608028654,3.742410318509555,370,379,40,47,59,25.0
17,338.93548387096774,47.37903225806452,2.8105248718553,1.4289268135750293,0.7727997550578816,124.0,5.0,2.0,1.6986301369863013,2.393653682408596,2.393653682408596,0.7978845608028654,3.989422804014327,333,343,43,52,73,23.698630136986303
18,49.89747807017544,52.453947368421055,4.548940479415647,3.375136796849469,-0.7063900343141729,1824.0,16.0,7.0,6.780669144981412,5.997417539138688,4.886025119029199,1.9544100476116797,7.632215220473915,38,58,44,61,269,27.780669144981413
19,509.18882978723406,64.19052224371373,13.046432241635513,6.9392106574009444,0.45706111711677927,4136.0,12.0,4.0,4.600667408231368,9.853147481188747,9.079772052293041,3.523362819972964,14.625465582862905,481,537,38,84,899,26.600667408231367
20,558.1662125340599,58.12170753860127,5.783033566786009,4.482988924930322,0.7438070663287277,1101.0,14.0,3.0,4.250965250965251,4.370193722368317,4.222008245644752,1.5957691216057308,7.312732791431452,542,567,49,76,259,26.25096525096525
21,609.5899925317401,64.64002987303958,7.644230036325182,5.94453676516725,-0.9221354096823411,1339.0,10.0,3.0,3.433333333333333,5.641895835477563,5.917270272703197,2.1850968611841584,9.607802401865856,598,622,49,79,390,26.433333333333334
22,447.3557594291539,43.093781855249745,6.324002461978092,3.877727513348163,-0.500927800422728,981.0,9.0,3.0,3.314189189189189,4.950743503369154,5.140011726956917,1.9544100476116797,8.444016491289505,438,463,33,53,296,25.31418918918919
23,692.6533333333333,45.75703703703704,5.343609984028937,2.1769740816234644,1.5516224272712096,675.0,9.0,3.0,3.5340314136125652,4.1841419359420025,4.1073621666150775,1.5957691216057308,6.6036697681803656,687,698,35,58,191,49.53403141361257
24,632.4715890281258,692.7412933042848,175.05469743148197,157.10620809141054,1.38589578072624,14245588.0,214.0,20.0,28.61444703783901,76.98655779252753,174.04677138219662,57.67993524955607,322.17201305621916,0,1023,0,1023,497846,46.614447037839014
25,880.0243902439024,48.6260162601626,3.7093624172497623,2.446148108879342,1.3693962961070971,369.0,5.0,2.0,2.46,4.720348719413148,3.6125759969217834,1.4927053303604616,5.613615477764332,874,887,42,58,150,24.46
26,373.79763387297635,69.74283935242839,5.042971175080593,3.28615923422118,1.3789583950053905,1606.0,11.0,5.0,5.37123745819398,6.699380116989518,5.262410103554244,2.1850968611841584,8.175883811466258,366,382,57,82,299,26.37123745819398
27,773.2888786340563,49.044300876788185,7.911569285041433,4.461806999127317,-0.8615011819237584,2167.0,10.0,5.0,4.75219298245614,8.593479713983122,6.746726148605861,2.7057581899030048,10.387831891992912,762,789,32,63,456,25.75219298245614
28,642.2084210526316,63.38947368421053,7.110950464804348,1.7269662115810598,-0.4020178422775473,475.0,6.0,3.0,2.9874213836477987,5.440847306724618,3.989422804014327,1.4927053303604616,6.231677632421503,626,653,57,71,159,27.9874213836478
29,1018.0615671641791,57.73694029850746,7.191662022236551,3.3571474902812137,1.5700269433294594,536.0,6.0,2.0,2.2521008403361344,5.613615477764332,4.51351666838205,1.692568750643269,7.225151993843567,1007,1023,47,73,238,24.252100840336134
30,144.52668213457076,76.72853828306265,3.373770148438787,1.9595089430081634,0.6280554903316014,431.0,8.0,3.0,3.2406015037593985,4.068428945128219,3.1915382432114616,1.2615662610100802,5.170882945826411,138,153,70,82,133,25.2406015037594
31,466.7555147058824,61.65992647058823,3.4872303492753254,2.4915696004041976,-1.4894618423035804,544.0,8.0,3.0,3.464968152866242,4.787307364817192,3.742410318509555,1.4927053303604616,5.890312181373172,461,473,53,70,157,25.46496815286624
32,588.3673469387755,74.06122448979592,1.7426111809077434,1.4314691252377834,0.7068450927699748,98.0,5.0,1.5,1.8148148148148149,2.326213245840639,1.9544100476116797,0.5641895835477563,3.1915382432114616,585,593,71,78,54,27.814814814814813
33,286.65,71.73125,2.0738717303941785,1.9743554602393993,-1.072797191720654,160.0,6.0,2.0,1.7391304347826086,2.876813695875796,2.4592453796829674,0.7978845608028654,3.9088200952233594,282,291,65,77,92,24.73913043478261
34,830.7041139240506,67.48892405063292,4.879182935704904,2.3377510236321304,-0.4310879588375353,632.0,7.0,4.0,3.590909090909091,5.4115163798060095,4.3336224206596095,1.7841241161527712,6.6036697681803656,821,841,61,74,176,24.59090909090909
35,748.8849557522124,81.26991150442478,2.8701751360863943,1.9345229310015075,0.5987733740048072,226.0,5.0,2.0,2.4301075268817205,3.6125759969217834,2.8209479177387813,1.1283791670955126,4.51351666838205,744,755,76,87,93,25.43010752688172
36,488.11346153846154,80.84423076923076,5.16491273273173,1.9743549201756883,0.34242185675418796,520.0,6.0,3.0,3.3766233766233764,5.890312181373172,4.1073621666150775,1.5957691216057308,6.128667601500942,478,497,75,86,154,27.376623376623378
37,41.75,77.98484848484848,2.060558690988206,1.784318512767895,0.1633786311381444,132.0,4.0,2.0,2.0952380952380953,3.5682482323055424,2.393653682408596,0.9772050238058398,3.6996385101659595,37,46,75,83,63,24.095238095238095
38,779.0253164556962,79.41772151898734,2.7487934556579123,1.7511341188747627,0.32563614749251546,237.0,6.0,3.0,2.9625,3.9088200952233594,2.763953195770684,0.9772050238058398,4.296739856991561,773,784,75,83,80,25.9625
39,442.37931034482756,94.12068965517241,3.8751898415290054,2.1270781277592365,0.9373381561027256,290.0,5.0,2.0,2.3577235772357725,3.989422804014327,3.477898169151024,1.2615662610100802,5.382025607773058,436,449,87,102,123,23.357723577235774
40,398.2358974358974,92.22051282051282,1.9785494742593557,1.7146553101542306,-0.6857372586165864,195.0,7.0,2.0,2.91044776119403,2.763953195770684,2.256758334191025,0.7978845608028654,3.6996385101659595,394,404,88,95,67,24.91044776119403
41,961.430985915493,89.15492957746478,3.450519228615209,2.2106519221748235,-0.9623206265628863,355.0,7.0,3.0,3.1981981981981984,3.742410318509555,3.141274657157109,1.2615662610100802,5.108953969950291,954,966,82,95,111,24.1981981981982
42,775.3757039420756,105.32260659694288,6.946454749408219,4.102901242494942,-1.2709581704984774,1243.0,9.0,3.0,3.3413978494623655,6.076507779746499,5.585191925620057,2.1850968611841584,8.83096382707056,763,793,89,119,372,25.341397849462364
43,303.22513089005236,98.58115183246073,2.992833356867336,1.3937306924879438,-0.2731163473511592,191.0,7.0,3.0,2.8088235294117645,2.5854414729132054,2.5231325220201604,0.9772050238058398,3.949327084834294,297,309,95,101,68,23.808823529411764
44,548.6389496717725,90.57330415754923,5.165521908847769,2.419498304389584,-0.7457697098189622,457.0,6.0,3.0,3.0264900662251657,5.863230142835039,4.296739856991561,1.5957691216057308,6.282549314314218,541,557,83,101,151,26.026490066225165
45,857.6269841269841,104.36011904761905,6.371231857369475,5.235589318312293,0.7072782154773972,1008.0,7.0,3.0,3.2833876221498373,5.944106103225343,5.613615477764332,2.1850968611841584,8.848967849484623,840,871,96,118,307,24.28338762214984
46,266.6163982430454,113.53001464128843,7.543317069011435,2.4428507780095168,0.9738677815845723,683.0,9.0,3.0,3.162037037037037,3.3377905890622728,4.61809077155419,1.692568750643269,7.377736139048903,256,275,100,128,216,24.162037037037038
47,691.4258911819887,101.30206378986867,4.508531986172279,2.288101900733414,-1.371959518652917,533.0,6.0,3.0,3.191616766467066,5.725898905580716,3.989422804014327,1.5957691216057308,6.154581744998688,686,697,93,113,167,50.191616766467064
48,379.93589743589746,121.63390313390313,5.728003151052441,2.041727935900204,-0.39016247837831736,702.0,7.0,3.0,3.092511013215859,5.613615477764332,4.406461512053774,1.7841241161527712,6.770275002573076,368,392,115,129,227,25.09251101321586
49,538.006160164271,121.85010266940452,17.487448707600613,3.3117143441079278,-0.1657516979333376,1948.0,7.0,4.0,3.5940959409594098,9.45754080179648,7.837972188868215,3.0901936161855166,11.807613228273542,505,563,111,133,542,29.59409594095941
50,1017.7709090909091,112.32727272727273,2.8360721200071857,1.6306204430484537,-0.23658163258020257,275.0,7.0,3.0,3.197674418604651,3.5682482323055424,2.6462837142006137,0.9772050238058398,4.259537945889915,1011,1023,109,116,86,25.197674418604652
51,472.72251308900525,110.28795811518324,10.491938726603847,1.808975373116923,1.4485672098543994,382.0,5.0,2.0,1.819047619047619,3.826519928662906,4.478115991081385,1.692568750643269,7.1141599576634995,467,477,97,132,210,25.81904761904762
52,351.71153846153845,121.17948717948718,2.6198558692624156,1.5322704051336942,1.138307321666952,156.0,6.0,2.0,2.1666666666666665,2.876813695875796,2.5231325220201604,0.7978845608028654,3.949327084834294,348,356,115,126,72,25.166666666666668
53,823.3574730354392,128.07704160246533,5.231183330146058,3.2561777442363598,-1.1227142202432192,649.0,8.0,3.0,3.7085714285714286,5.201570947860099,4.442433223290478,1.692568750643269,6.723094811029982,815,833,118,138,175,24.708571428571428
54,658.3395225464191,127.74535809018568,2.9426972671838763,1.7139437158022148,0.22574820541082227,377.0,11.0,4.0,4.235955056179775,2.876813695875796,2.8209479177387813,0.9772050238058398,4.478115991081385,652,666,124,132,89,33.235955056179776
55,992.9611307420495,128.52473498233215,7.442798433000873,1.9492627615570788,0.3246077296627188,566.0,7.0,2.0,2.596330275229358,4.583497844237541,4.406461512053774,1.692568750643269,6.978639737521917,980,1007,122,135,218,24.59633027522936
56,457.01463963963965,143.1891891891892,3.890777638590162,2.8109238604308384,-1.56232149429123,888.0,11.0,4.0,4.018099547511312,4.686510657907603,4.1841419359420025,1.5957691216057308,6.651697090182843,448,463,134,151,221,29.018099547511312
57,215.42372881355934,139.5367231638418,2.7241398558058916,1.4608364227461679,1.004338723033305,177.0,5.0,3.0,2.765625,3.3377905890622728,2.5231325220201604,0.9772050238058398,3.9088200952233594,212,219,135,145,64,23.765625
58,541.8427184466019,142.90291262135923,4.7062262704301725,2.4522209016102683,0.2563596607730492,515.0,8.0,3.0,3.433333333333333,4.259537945889915,3.656366395715726,1.381976597885342,6.023896332520351,532,552,137,149,150,30.433333333333334
59,602.231101511879,141.67386609071275,5.147970794559639,1.9912245867252816,0.3098237022510967,463.0,7.0,3.0,3.26056338028169,4.1841419359420025,3.6125759969217834,1.4927053303604616,5.753627391751592,594,613,136,148,142,30.260563380281692
60,855.8386885245901,136.4144262295082,6.831721911949885,3.704755735817644,0.2751604271670407,1525.0,8.0,5.0,4.8107255520504735,8.63044108762739,6.102643417692329,2.5854414729132054,9.044647077096718,843,870,128,145,317,24.810725552050474
61,727.2784810126582,141.93037974683546,2.3940042315172123,1.5270608061700326,-0.23774999555213472,158.0,5.0,2.0,2.4307692307692306,2.9316150714175193,2.326213245840639,0.9772050238058398,3.826519928662906,723,734,138,145,65,28.43076923076923
62,971.3321799307959,150.27681660899654,3.573982409131667,2.0583757265400004,0.2417444568542375,289.0,5.0,2.0,2.6513761467889907,4.145929793656026,3.2410224072142872,1.2615662610100802,5.046265044040321,962,978,145,155,109,23.65137614678899
63,271.07584050039094,149.23221266614541,5.277137988848077,3.200108388835833,-0.4326094709709181,1279.0,12.0,4.0,4.519434628975265,5.201570947860099,4.950743503369154,1.8712051592547776,7.958873497585845,261,284,139,158,283,25.519434628975265
64,306.1458333333333,155.0625,2.130672893214501,1.3835555925563252,-0.7609225316029271,96.0,4.0,2.0,1.7142857142857142,3.0382538898732494,2.111004122822376,0.7978845608028654,3.477898169151024,302,311,151,159,56,23.714285714285715
65,382.2765072765073,162.55093555093555,6.1778625127958025,1.7854736770992523,-0.04471329813539257,481.0,7.0,3.0,3.3402777777777777,4.296739856991561,3.949327084834294,1.4927053303604616,5.997417539138688,369,391,158,166,144,26.34027777777778
66,619.3127413127413,165.1158301158301,2.4825093976371195,1.676563578042154,0.20072320381691705,259.0,7.0,4.0,3.9846153846153847,3.2897623212397704,2.5854414729132054,1.1283791670955126,4.029119531035698,614,624,162,168,65,29.984615384615385
67,868.850170261067,166.77752553916005,4.491430754868598,3.8319180953821976,0.07359558724843981,881.0,8.0,3.0,3.4822134387351777,5.725898905580716,4.820437914901168,1.8712051592547776,7.776816725043752,858,877,158,175,253,25.48221343873518
68,236.73504273504273,160.65384615384616,2.311523617690072,1.6898883443282644,-1.4749243680296626,234.0,7.0,4.0,3.6,3.2897623212397704,2.5231325220201604,0.9772050238058398,3.8678889139475245,233,240,156,166,65,24.6
69,513.5048309178744,160.78743961352657,6.207918002496658,3.2440771786955103,0.7739642329029018,828.0,5.0,3.0,3.325301204819277,7.756324418739616,5.499039842323396,2.256758334191025,8.058239062071396,503,523,151,171,249,29.325301204819276
70,652.7412280701755,169.10087719298247,2.243631301487964,2.0376794051078226,-0.14139439926797684,228.0,5.0,3.0,2.8860759493670884,3.742410318509555,2.7057581899030048,1.1283791670955126,4.222008245644752,647,658,164,173,79,32.88607594936709
71,938.4240963855422,172.61927710843372,7.618037417037671,3.101841572332869,0.8697763726637218,415.0,8.0,2.0,2.4702380952380953,3.523362819972964,3.6125759969217834,1.381976597885342,6.102643417692329,924,945,161,182,168,24.470238095238095
72,280.2227272727273,191.13140495867768,12.270916243570104,4.9489430551128235,-0.1853919036427738,2420.0,10.0,4.0,3.896940418679549,8.214724333230155,7.837972188868215,2.9316150714175193,12.205286835384658,248,298,177,202,621,24.89694041867955
73,1017.5303430079156,175.9788918205805,4.760860676808866,2.310864621570782,0.8129330857087489,379.0,6.0,3.0,2.8931297709923665,4.787307364817192,3.5682482323055424,1.4927053303604616,5.585191925620057,1007,1023,169,183,131,23.893129770992367
74,634.9541484716157,183.34934497816593,7.70931774069686,2.338944201153333,-0.010142859467829146,458.0,6.0,3.0,2.602272727272727,5.641895835477563,4.54864184146723,1.692568750643269,6.651697090182843,623,648,178,188,176,28.602272727272727
75,169.09737827715355,188.18726591760299,4.834916613840506,2.7894941253704246,1.1226147451374646,534.0,7.0,3.0,3.034090909090909,4.406461512053774,4.222008245644752,1.4927053303604616,6.530966601401967,162,176,179,196,176,24.03409090909091
76,919.6981132075472,195.46069182389937,7.741723249117377,3.4444955798901624,0.8549657769558617,636.0,5.0,3.0,3.0285714285714285,6.840435166640879,4.982787485166879,1.9544100476116797,7.377736139048903,911,931,184,207,210,25.02857142857143
77,819.8398663020358,177.7243998784564,12.648281282174606,6.1263582984376574,0.029320949857176735,3291.0,9.0,4.0,4.279583875162548,10.464157913908982,8.97398468933946,3.5682482323055424,13.73891416768399,785,841,159,195,769,27.279583875162547
78,358.0796311818944,191.5968147527242,7.689005165046844,2.883805698809558,0.18366630124856995,1193.0,11.0,4.0,4.5534351145038165,5.262410103554244,4.787307364817192,1.8712051592547776,7.756324418739616,340,368,181,199,262,25.553435114503817
79,533.6091279959204,205.8508414074452,6.03656176255717,4.392855850774499,1.2559816193331805,3922.0,20.0,7.0,7.987780040733197,7.463526651802308,6.282549314314218,2.5231325220201604,10.341765891652821,523,545,187,218,491,38.9877800407332
80,849.9212765957446,203.36170212765958,6.579788113478821,2.4077005945075944,1.179173699699389,470.0,7.0,2.0,2.5543478260869565,3.2410224072142872,4.259537945889915,1.4927053303604616,6.723094811029982,844,859,187,214,184,25.554347826086957
81,1006.113818886735,222.72002215452784,11.688553400358108,8.64870424908392,1.5505925136904581,3611.0,11.0,3.0,3.722680412371134,8.703892974511014,9.13220620552083,3.477898169151024,14.809304898631527,987,1023,194,257,970,24.722680412371133
82,756.1255115961801,208.36766712141883,6.692898873276692,4.767329752817635,0.6765040621796482,1466.0,9.0,3.0,3.6377171215880892,5.997417539138688,6.050259243299904,2.326213245840639,9.557977680176279,745,772,195,225,403,32.63771712158809
83,881.1892583120205,200.49360613810742,4.847314597711748,2.40024162566242,-0.1389998235642251,391.0,6.0,2.0,2.341317365269461,4.652426491681278,4.029119531035698,1.4927053303604616,6.206085419025319,871,891,195,207,167,25.34131736526946
84,975.2696245733788,196.8839590443686,4.477762604262494,3.404974973870496,-0.2577979126031436,293.0,4.0,2.0,1.744047619047619,5.499039842323396,4.029119531035698,1.4927053303604616,6.282549314314218,968,985,191,207,168,23.74404761904762
85,571.278767952933,215.53521370479322,24.879203814054836,10.40926003374195,-0.31497525669636584,5779.0,14.0,3.0,3.6368785399622405,6.383076486422923,12.640868754332628,4.478115991081385,20.090219901261573,516,621,177,247,1589,31.63687853996224
86,808.0873015873016,218.91666666666666,6.062203083704398,3.007432720755384,1.3816470186287875,504.0,5.0,2.0,2.61139896373057,5.4700209598571305,4.51351666838205,1.7841241161527712,6.90988298942671,800,814,208,231,193,32.61139896373057
87,680.0467422707085,235.00806347289898,87.62915347023443,6.248439280243207,-1.510798231538876,92764.0,44.0,10.0,13.27285734725998,21.45404613171514,22.36924542940416,8.685588237163813,38.97402695217738,656,704,0,333,6989,49.27285734725998
88,725.15,209.21315789473684,4.588454136777412,1.7930405605824669,-0.27561571614178487,380.0,6.0,3.0,3.247863247863248,4.886025119029199,3.6125759969217834,1.381976597885342,5.4115163798060095,713,732,203,213,117,34.24786324786325
89,405.9128113879004,206.22241992882562,7.907867062945253,2.2247452220051818,-1.142630636221957,562.0,6.0,3.0,2.8383838383838382,5.808687281605183,4.406461512053774,1.8712051592547776,6.886811529393324,397,414,195,221,198,25.838383838383837
90,895.7574193548387,221.50064516129032,5.6286618402195,2.4565181442777964,-0.3009921218181522,775.0,11.0,3.0,3.2563025210084033,3.949327084834294,3.989422804014327,1.5957691216057308,6.746726148605861,880,908,213,228,238,29.256302521008404
91,204.728,213.856,2.6452349274720963,1.9172929297520303,1.043142769238723,250.0,6.0,2.0,2.272727272727273,3.8678889139475245,2.8209479177387813,1.1283791670955126,4.406461512053774,199,210,209,223,110,25.272727272727273
92,248.17412935323384,219.69900497512438,4.605674730899091,2.7899384687440336,0.47327155374487667,402.0,5.0,2.0,2.2711864406779663,4.652426491681278,4.259537945889915,1.692568750643269,6.530966601401967,238,256,212,226,177,24.271186440677965
93,475.80322748568454,229.43779281624154,13.99312534371409,7.0289843695733945,0.7923555226750495,1921.0,6.0,2.0,2.3116726835138386,10.55502061411188,8.848967849484623,3.385137501286538,13.692498784453214,456,504,208,251,831,32.31167268351384
94,945.8922651933701,241.36187845303868,7.034620430895301,2.0440602789915756,-1.4857670009079613,362.0,5.0,2.0,2.234567901234568,4.370193722368317,3.989422804014327,1.4927053303604616,6.282549314314218,941,951,224,251,162,25.234567901234566
95,337.6086434573829,236.0060024009604,10.45707874905869,5.987624754490916,-0.8331029784941294,833.0,7.0,2.0,2.2635869565217392,4.478115991081385,5.781222885281108,2.111004122822376,9.23618154310838,325,352,223,254,368,26.26358695652174
96,423.0285871357889,226.0335349092908,6.259765565845495,4.055996335712281,-1.0490462368475058,1819.0,11.0,5.0,4.837765957446808,7.001408606295148,6.076507779746499,2.393653682408596,9.356025796273888,412,432,215,239,376,30.83776595744681
97,376.7296511627907,230.29651162790697,4.437908207701684,2.107933041026953,-0.6867815000255498,344.0,6.0,3.0,2.646153846153846,4.583497844237541,3.6996385101659595,1.381976597885342,5.641895835477563,369,383,224,239,130,26.646153846153847
98,601.1818181818181,243.35454545454544,6.125278155392432,3.201480894190845,-0.9507141412059196,440.0,5.0,2.0,2.4043715846994536,4.950743503369154,4.442433223290478,1.7841241161527712,6.746726148605861,592,611,235,256,183,36.404371584699454
99,819.5199778024418,254.33518312985572,8.106812125882279,8.043553897531224,0.47987395169266556,1802.0,6.0,2.0,2.6153846153846154,10.341765891652821,7.817640190446719,3.0901936161855166,12.373643572303322,805,846,240,273,689,31.615384615384617
100,301.8918918918919,247.6833976833977,2.8322724661124825,1.8023727888670489,0.08381686046712536,259.0,7.0,2.5,2.75531914893617,3.141274657157109,2.8209479177387813,0.9772050238058398,4.51351666838205,296,310,243,252,94,27.75531914893617
101,399.15405405405403,249.4,3.0964750169826187,1.9723772407471016,0.44056419879605063,370.0,8.0,4.0,3.978494623655914,4.145929793656026,3.141274657157109,1.2615662610100802,4.787307364817192,393,405,245,254,93,28.978494623655912
102,174.0035575679172,269.28557567917204,9.140153485106392,3.723056679890617,-0.692298347751056,3092.0,13.0,6.0,5.8783269961977185,8.740387444736633,7.158763278359629,2.876813695875796,10.852403323135505,157,189,255,282,526,26.878326996197718
103,858.9937106918239,256.1194968553459,3.4143412169702567,1.598239686176016,-0.11953852783765466,318.0,7.0,4.0,4.24,4.1073621666150775,2.985410660720923,1.1283791670955126,4.478115991081385,852,866,253,259,75,32.24
104,309.2511415525114,262.8173515981735,3.850688724477694,1.7783480592893504,-0.6297484283588201,219.0,4.0,2.0,2.3548387096774195,4.950743503369154,3.2410224072142872,1.2615662610100802,4.787307364817192,303,316,258,268,93,26.35483870967742
105,425.7051671732523,269.61398176291794,5.602661662516639,1.9218206878964819,1.5388878967349193,329.0,5.0,2.0,2.3333333333333335,4.478115991081385,3.826519928662906,1.381976597885342,5.753627391751592,421,431,261,280,141,33.333333333333336
106,506.4448051948052,269.7435064935065,3.309411274223572,1.8104316975023569,-0.7825796125991846,308.0,6.0,3.0,3.08,4.442433223290478,3.1915382432114616,1.2615662610100802,4.853342309955121,501,513,264,275,100,35.08
107,918.395652173913,263.78913043478263,4.534380594005432,3.0118092084317607,1.1562691117637196,460.0,6.0,2.0,2.5274725274725274,5.140011726956917,4.145929793656026,1.5957691216057308,6.506551687525748,912,926,253,271,182,26.52747252747253
108,242.78765792031098,257.2283770651118,7.643778882969705,6.380065355201998,-0.3869297360647162,2058.0,10.0,3.0,3.3737704918032785,7.420755373261929,7.356132180109627,2.763953195770684,11.914957374576321,229,263,238,271,610,24.373770491803278
109,478.0494296577947,267.8022813688213,3.7182804118148685,1.9999437449580568,0.23300427981555816,263.0,4.0,2.0,2.023076923076923,5.170882945826411,3.431831258788849,1.381976597885342,5.201570947860099,470,486,263,273,130,32.02307692307692
110,962.6666666666666,268.8708010335917,4.051191729345031,2.5830076254364855,1.1496504467250936,387.0,7.0,2.0,2.276470588235294,3.477898169151024,3.742410318509555,1.381976597885342,5.997417539138688,957,970,260,275,170,26.276470588235295
111,719.3948497854077,280.24463519313304,10.100876331443164,1.3301955279711415,1.4584899301385106,233.0,4.0,1.0,1.3163841807909604,4.753945931439391,3.826519928662906,1.381976597885342,6.023896332520351,715,724,264,297,177,36.31638418079096
112,883.047619047619,269.008658008658,2.9756587335942024,1.7959297449272937,1.5377773211177541,231.0,7.0,2.5,2.817073170731707,2.5854414729132054,2.876813695875796,0.9772050238058398,4.51351666838205,879,887,263,277,82,30.817073170731707
113,982.9516245487365,298.57761732851986,8.474083257306209,4.121327325983217,1.2429096756046767,1385.0,9.0,3.0,3.1912442396313363,5.262410103554244,6.457444935117649,2.393653682408596,10.341765891652821,971,994,282,315,434,25.191244239631338
114,523.1146245059289,277.74308300395256,2.8437119259594184,2.1869554094062664,1.3879569690664852,253.0,5.0,3.0,2.5555555555555554,4.029119531035698,3.0901936161855166,1.2615662610100802,4.753945931439391,518,528,272,283,99,34.55555555555556
115,765.6745283018868,281.3419811320755,3.3912409920280395,1.8873205799658779,-0.3239917287802566,424.0,8.0,4.0,4.0,4.370193722368317,3.1915382432114616,1.2615662610100802,4.918490759365935,758,772,277,287,106,36.0
116,799.3355263157895,285.04605263157896,3.565059037745392,2.959262450566103,0.10641889686553742,760.0,11.0,3.0,3.8,4.1073621666150775,3.9088200952233594,1.4927053303604616,6.555290583552474,790,809,277,293,200,31.8
117,299.09994288977725,300.71730439748717,8.861716456580048,6.016848283410422,1.250952115453234,1751.0,7.0,3.0,3.154954954954955,9.009385160867895,7.756324418739616,3.1915382432114616,11.589942707777277,282,313,283,317,555,27.154954954954956
118,348.9039634146341,290.8795731707317,3.195346466814164,2.1782318165628083,1.2751161960452277,656.0,11.0,5.0,5.8053097345132745,4.029119531035698,3.2410224072142872,1.2615662610100802,5.232078956954491,344,354,283,297,113,29.805309734513273
119,911.1506276150627,306.83430962343095,6.156546946883683,3.2674265737127177,0.7158096654105602,1195.0,11.0,4.0,4.509433962264151,5.556622981616415,4.820437914901168,1.8712051592547776,7.715176518808164,900,922,289,314,265,31.50943396226415
120,1014.4525993883792,288.75535168195717,5.275450758991075,2.376560445182185,0.19758673770595578,327.0,5.0,2.0,1.9580838323353293,4.068428945128219,3.9088200952233594,1.4927053303604616,6.206085419025319,1004,1023,284,294,167,24.95808383233533
121,929.6800573888091,287.9024390243902,3.8121964442368896,3.0082688449217914,0.46344654048223316,697.0,11.0,3.0,3.4504950495049505,3.385137501286538,4.1841419359420025,1.4927053303604616,6.770275002573076,922,939,280,296,202,26.45049504950495
122,866.1220043572985,290.85185185185185,2.8380614518528793,1.9956573685412653,1.0956580053690232,459.0,10.0,4.0,4.731958762886598,3.8678889139475245,2.985410660720923,1.1283791670955126,4.787307364817192,862,872,285,297,97,31.7319587628866
123,71.99003322259136,295.312292358804,4.202789607010845,2.172708273085457,1.4463203811188783,301.0,5.0,2.0,2.5294117647058822,4.259537945889915,3.477898169151024,1.381976597885342,5.292567428401227,67,77,285,302,119,23.529411764705884
124,209.13658536585365,300.59512195121954,2.448824727875419,2.155241494471998,-0.5953966910617033,205.0,5.0,2.0,2.3295454545454546,3.523362819972964,2.763953195770684,1.1283791670955126,4.406461512053774,204,214,296,306,88,24.329545454545453
125,964.952,309.944,5.495753464901896,1.569475661829407,1.4970866584888103,250.0,5.0,2.0,1.953125,3.477898169151024,3.477898169151024,1.2615662610100802,5.382025607773058,961,969,299,318,128,27.953125
126,525.2051282051282,299.4465811965812,4.765046703470553,2.909503519589707,0.5325301967698863,468.0,5.0,2.0,2.557377049180328,5.232078956954491,4.259537945889915,1.692568750643269,6.579524642479541,516,538,293,306,183,33.557377049180324
127,624.2585836909872,319.26609442060084,8.014228060026465,3.057449288089707,-1.2391541328106528,932.0,9.0,2.0,2.841463414634146,4.478115991081385,5.352372348458314,1.9544100476116797,8.556358677747903,615,632,297,332,328,42.84146341463415
128,445.18145161290323,296.4153225806452,4.485148250893631,3.125177964709006,0.18844015003315645,248.0,5.0,2.0,1.878787878787879,3.477898169151024,3.431831258788849,1.2615662610100802,5.527906391541368,433,452,291,307,132,36.878787878787875
129,807.1547277936962,310.2750716332378,4.911240802223837,2.067110390234199,-0.11444929738572959,349.0,7.0,2.0,2.3422818791946307,2.6462837142006137,3.826519928662906,1.2615662610100802,5.944106103225343,795,815,305,314,149,31.34228187919463
130,445.3191935483871,299.79806451612905,25.08552463784405,8.1063545895498,-0.17166318718072182,6200.0,16.0,4.0,4.258241758241758,6.627726932618989,11.54867275105708,3.949327084834294,18.515392175699183,388,482,279,335,1456,33.25824175824176
131,157.62043795620437,310.1240875912409,1.9370459990348703,1.6722490601879447,-0.9593026213219936,137.0,5.0,2.0,2.3220338983050848,2.876813695875796,2.256758334191025,0.7978845608028654,3.523362819972964,154,161,305,314,59,24.322033898305083
132,773.4858757062146,320.29378531073445,2.891301788219208,2.4498172948167896,-0.3041725214505632,354.0,8.0,3.0,2.9747899159663866,3.656366395715726,3.0901936161855166,1.1283791670955126,5.014626706796775,765,780,313,325,119,37.97478991596638
133,843.0232896652111,311.63609898107717,7.1944514508812185,2.6348469974981743,0.884278564129131,687.0,8.0,3.0,2.8865546218487395,5.140011726956917,4.61809077155419,1.7841241161527712,7.312732791431452,828,853,300,323,238,32.88655462184874
134,400.9256505576208,313.75836431226764,2.4305297008290627,2.227486303007478,0.2418878046583563,269.0,6.0,2.0,2.3391304347826085,4.068428945128219,2.985410660720923,1.1283791670955126,4.61809077155419,396,408,308,321,115,36.33913043478261
135,917.3046357615895,326.3708609271523,2.396021337570942,1.5745069390488589,0.04256662610991065,151.0,6.0,2.0,2.157142857142857,2.9316150714175193,2.4592453796829674,0.7978845608028654,3.8678889139475245,912,922,323,330,70,28.15714285714286
136,434.2939529675252,333.3964165733483,8.494719190836863,4.658181515132951,0.05957962964009828,1786.0,9.0,4.0,3.7758985200845667,7.694520051971082,6.530966601401967,2.5854414729132054,10.217907939900583,413,455,321,341,473,34.77589852008457
137,226.232,328.04,3.8811119857876415,1.775822556948506,0.19271402549497424,125.0,5.0,1.0,1.25,2.111004122822376,2.5231325220201604,0.7978845608028654,4.296739856991561,219,236,324,332,100,24.25
138,505.79649595687334,331.61927223719675,14.207597181780795,4.688863703249609,-0.018514790015937643,2968.0,12.0,4.0,4.764044943820225,7.797255174810172,8.03846421247924,3.0901936161855166,12.577758680835945,480,531,318,339,623,35.764044943820224
139,348.45705521472394,329.4834355828221,9.070232730463502,3.5146388094781815,1.0790031601149512,1630.0,10.0,4.0,4.369973190348525,7.356132180109627,6.102643417692329,2.326213245840639,9.507891862878783,340,363,313,344,373,28.369973190348524
140,248.9551282051282,347.03205128205127,3.31902284138651,1.9530437652638029,-0.11885797365017205,312.0,7.0,3.0,3.0,3.141274657157109,3.0901936161855166,1.1283791670955126,4.950743503369154,242,255,342,352,104,24.0
141,316.95959595959596,336.15728715728716,8.484211562157274,2.281522878649048,-0.6609097310979569,693.0,9.0,2.0,2.8875,3.989422804014327,4.259537945889915,1.5957691216057308,7.203090409536582,307,332,323,345,240,27.8875
142,103.4367469879518,342.47439759036143,6.427503993162188,3.2369301373174144,1.1480565704122299,664.0,5.0,3.0,2.8995633187772927,6.863662517577698,5.014626706796775,2.0342144725641096,7.527227892173502,95,114,331,353,229,23.899563318777293
143,131.86415094339623,348.9169811320755,2.2289027819166183,2.0213585958874707,0.25968318266174345,265.0,7.0,4.0,3.732394366197183,3.385137501286538,2.6462837142006137,1.1283791670955126,4.145929793656026,128,137,344,353,71,24.732394366197184
144,196.52953261427837,338.8073959938367,10.913772120376366,8.210877384145874,-1.1100066586903605,1947.0,11.0,3.0,3.0186046511627906,4.54864184146723,7.590394548326596,2.7057581899030048,12.296226898414837,173,211,314,353,645,24.01860465116279
145,399.1556886227545,353.92215568862275,2.769322712328127,1.7767499700398863,-0.46046268562905945,167.0,5.0,2.0,2.0875,2.876813695875796,2.5854414729132054,0.9772050238058398,4.370193722368317,393,404,349,358,80,24.0875
146,446.5375,357.56875,2.587327188810244,1.4746542664294093,-0.5921910874963422,160.0,5.0,2.0,2.4615384615384617,3.0382538898732494,2.4592453796829674,0.9772050238058398,3.826519928662906,442,452,354,362,65,27.46153846153846
147,810.48046875,348.12890625,5.706244100077789,3.5493043303379137,-0.029469427589166274,768.0,5.0,3.0,3.2542372881355934,7.225151993843567,5.201570947860099,2.1850968611841584,7.837972188868215,797,820,340,357,236,28.25423728813559
148,324.8720930232558,355.09496124031006,3.543028012643229,2.0452878958199885,0.8077250896750389,516.0,9.0,5.0,4.6909090909090905,4.296739856991561,3.431831258788849,1.381976597885342,5.201570947860099,319,331,349,361,110,26.69090909090909
149,376.55,358.55,2.7646081311561765,1.4401958559027608,0.05653494066702449,180.0,6.0,2.0,2.1686746987951806,3.0901936161855166,2.4592453796829674,0.9772050238058398,3.949327084834294,371,385,355,362,83,24.16867469879518
150,1019.6136363636364,365.84343434343435,6.062454354075422,2.22693088730139,1.5052381688322052,396.0,5.0,2.5,2.5384615384615383,4.982787485166879,4.029119531035698,1.4927053303604616,6.128667601500942,1014,1023,357,378,156,23.53846153846154
151,143.99236641221373,381.78371501272267,3.749055292328776,3.206418982264038,0.980291128040686,1179.0,15.0,5.0,6.304812834224599,4.652426491681278,4.029119531035698,1.5957691216057308,6.457444935117649,136,151,374,393,187,27.3048128342246
152,360.8,376.57733333333334,3.8200656803296607,2.711540353166786,0.011160452983628673,750.0,11.0,5.0,4.464285714285714,4.029119531035698,4.145929793656026,1.5957691216057308,6.3078313050504,352,369,371,383,168,25.464285714285715
153,953.469387755102,382.31972789115645,3.2590713753701666,1.1641403305124147,-0.023545929621184892,147.0,6.0,2.0,2.0136986301369864,2.876813695875796,2.326213245840639,0.7978845608028654,3.8678889139475245,947,961,380,386,73,24.013698630136986
154,346.95568927789935,398.2844638949672,7.073565513422587,3.2049698194096896,-0.591421683909237,1828.0,10.0,5.0,5.345029239766082,8.368283871884005,6.102643417692329,2.4592453796829674,9.149617481968136,335,361,388,409,342,26.34502923976608
155,498.50341296928326,398.02901023890786,5.281182662724363,2.667251232421032,0.08871368578376286,586.0,7.0,2.0,2.7383177570093458,4.686510657907603,4.406461512053774,1.5957691216057308,6.978639737521917,488,514,392,405,214,45.73831775700935
156,838.8433476394849,389.0772532188841,5.07698206737759,2.675306408457393,-0.10311983210281907,466.0,6.0,2.0,2.43979057591623,5.352372348458314,4.068428945128219,1.5957691216057308,6.383076486422923,825,848,383,396,191,27.43979057591623
157,972.338722716249,418.80113177041227,10.083761282460921,2.955506860985561,0.8715638853160267,1237.0,8.0,2.0,2.6207627118644066,6.457444935117649,6.282549314314218,2.326213245840639,10.108287365572707,955,988,400,438,472,26.62076271186441
158,900.1503569928601,379.8390032199356,10.098145557071843,5.484447749326602,-0.6755824825475032,7143.0,25.0,5.0,7.647751605995717,7.756324418739616,7.938851142601841,3.0901936161855166,13.900147514093545,873,919,366,409,934,31.64775160599572
159,791.3220338983051,400.6723163841808,3.3070261053862864,1.7721827071870724,1.0540968010359113,177.0,5.0,2.0,1.7524752475247525,2.7057581899030048,2.9316150714175193,0.9772050238058398,4.652426491681278,785,797,394,407,101,29.752475247524753
160,273.52463768115945,416.6608695652174,4.287745891561886,1.9401318140450505,1.3937745247710407,690.0,12.0,4.0,5.0,3.8678889139475245,3.385137501286538,1.2615662610100802,5.527906391541368,269,278,405,425,138,26.0
161,591.5246363636363,434.80345454545454,20.390207611778973,2.241147459912127,1.4052414541875367,11000.0,31.0,11.0,12.687427912341407,10.217907939900583,8.703892974511014,3.523362819972964,13.727325035155395,582,602,388,490,867,105.6874279123414
162,10.401869158878505,418.8738317757009,4.556918575048005,1.2991985915211992,0.9297240419236626,214.0,5.0,3.0,2.6419753086419755,3.9088200952233594,3.0901936161855166,1.2615662610100802,4.51351666838205,5,16,412,428,81,23.641975308641975
163,219.93351424694708,430.13297150610583,3.649519088450851,2.8647996257884634,-0.16558135207667365,737.0,12.0,3.0,3.8385416666666665,4.296739856991561,3.656366395715726,1.381976597885342,6.076507779746499,212,231,422,437,192,25.838541666666668
164,349.0163934426229,423.09289617486337,2.274801549928857,1.6519527142785653,1.4815761072983678,183.0,6.0,3.0,2.7313432835820897,3.3377905890622728,2.4592453796829674,0.9772050238058398,3.7846987830302403,345,353,418,428,67,26.73134328358209
165,464.8911547285241,418.55697170532756,8.383663431345925,7.839540707563688,-1.2867746566835465,3923.0,10.0,5.0,4.626179245283019,11.67204486311899,9.423823971471327,3.6996385101659595,14.417224270920368,446,479,400,438,848,45.62617924528302
166,854.396,433.812,4.237838270561653,2.317016787294555,-1.1618742006908733,250.0,4.0,2.0,2.032520325203252,5.262410103554244,3.5682482323055424,1.4927053303604616,5.4700209598571305,849,861,427,443,123,32.03252032520325
167,319.7652027027027,423.7533783783784,6.344215135680159,3.0712016564270117,-0.9832654536039034,1184.0,9.0,4.0,4.013559322033898,6.432750982580687,5.201570947860099,2.0342144725641096,8.234075889688375,309,329,415,440,295,25.0135593220339
168,251.9111111111111,447.34814814814814,2.34405938474865,1.7122595564677243,-1.058479292706191,135.0,5.0,2.0,1.9285714285714286,2.5231325220201604,2.4592453796829674,0.9772050238058398,3.9088200952233594,248,256,443,452,70,23.928571428571427
169,696.4068493150685,438.4,6.926324423522982,3.803813450427459,0.3804606171789632,730.0,5.0,2.0,1.9466666666666668,6.231677632421503,5.944106103225343,2.256758334191025,9.079772052293041,683,711,428,450,375,44.946666666666665
170,999.8615725359912,449.5393133997785,4.951266669377251,3.4868791156292875,-0.6733625901052386,903.0,9.0,4.0,3.943231441048035,5.440847306724618,4.787307364817192,1.8712051592547776,7.377736139048903,989,1011,440,459,229,26.943231441048034
171,1015.1868131868132,460.2307692307692,1.6340480501158252,1.5154796007465146,0.5457647539105411,91.0,4.0,2.0,1.8571428571428572,3.0901936161855166,2.0342144725641096,0.7978845608028654,3.0901936161855166,1011,1018,456,463,49,27.857142857142858
172,156.8375,462.6375,1.9274669110639973,1.7290340675539462,1.0042191196072061,160.0,6.0,2.0,2.5396825396825395,3.0901936161855166,2.256758334191025,0.7978845608028654,3.6125759969217834,153,161,458,466,63,25.53968253968254
173,533.1147186147186,467.7878787878788,3.472232109585369,2.1901378539182557,0.4157692475922539,462.0,8.0,3.0,3.3,4.3336224206596095,3.385137501286538,1.2615662610100802,5.527906391541368,526,541,462,474,140,51.3
174,402.1843137254902,469.321568627451,10.297347562489705,3.693369834708664,-0.5771135483371159,1020.0,6.0,3.0,2.670157068062827,8.058239062071396,6.333012368467128,2.393653682408596,9.624353322664494,384,419,458,488,382,46.67015706806283
175,862.5560747663551,474.4158878504673,2.591664312829043,1.7765794174991392,-0.2497648889384024,214.0,5.0,3.0,3.1470588235294117,3.8678889139475245,2.763953195770684,1.1283791670955126,4.1073621666150775,858,868,471,478,68,32.14705882352941
176,323.3443804034582,466.8976945244957,7.487423806985167,2.617756315561493,0.7329026978701407,694.0,8.0,3.0,3.1545454545454548,5.262410103554244,4.583497844237541,1.7841241161527712,7.312732791431452,313,335,455,475,220,24.154545454545456
177,303.6374501992032,478.42231075697214,3.752513109130277,2.219815697719668,-0.10326121558495649,251.0,4.0,2.0,1.818840579710145,4.982787485166879,3.431831258788849,1.381976597885342,5.4115163798060095,296,311,473,484,138,25.818840579710145
178,167.39901477832512,492.42857142857144,3.1382203520833465,1.644760919761344,-0.8514611124918668,203.0,5.0,3.0,2.6710526315789473,3.523362819972964,2.7057581899030048,1.1283791670955126,4.1841419359420025,161,171,487,497,76,23.67105263157895
179,226.46380697050938,502.4906166219839,4.507795988515558,2.712563733377149,0.9321152873385337,373.0,6.0,2.0,2.3459119496855347,4.61809077155419,3.826519928662906,1.381976597885342,5.970821321441846,220,234,493,511,159,25.345911949685533
180,261.5275590551181,500.2992125984252,2.040760700582122,1.570811582351653,1.3505561739933736,127.0,5.0,3.0,2.54,2.9316150714175193,2.256758334191025,0.7978845608028654,3.431831258788849,259,265,496,506,50,25.54
181,964.6221903395505,492.454806312769,9.656982709478985,4.127045312265859,1.4679924859508953,2091.0,10.0,3.0,3.6239168110918545,7.735777827895049,7.136496464611085,2.763953195770684,11.368105109938904,952,974,474,511,577,28.623916811091853
182,994.1783439490446,512.8726114649681,2.007721972583522,1.5671789703305026,0.2559912596420988,157.0,7.0,2.0,2.4153846153846152,2.393653682408596,2.111004122822376,0.7978845608028654,3.5682482323055424,990,1000,509,517,65,29.415384615384614
183,255.6258064516129,517.8860215053763,5.682171794228168,2.582971108817314,0.7962321052513224,465.0,5.0,2.0,2.048458149779736,4.950743503369154,4.442433223290478,1.7841241161527712,7.046725639945928,246,264,510,529,227,26.048458149779737
184,448.0644718792867,509.3360768175583,9.781548568571246,3.6890198255524376,-0.1547742044333016,729.0,5.0,2.0,2.0651558073654392,5.917270272703197,5.698035485213008,2.111004122822376,9.304852983362556,428,464,501,519,353,49.065155807365436
185,1017.8860510805501,514.2161100196464,3.1096503688336363,2.5445449272938467,-1.0577902382695652,509.0,8.0,4.0,4.104838709677419,4.982787485166879,3.6996385101659595,1.4927053303604616,5.556622981616415,1012,1023,508,520,124,27.10483870967742
186,961.9703588143526,530.0327613104524,4.9025232132663366,2.305959324299011,1.0252830717813932,641.0,7.0,3.0,3.5027322404371586,5.140011726956917,4.3336224206596095,1.7841241161527712,6.746726148605861,955,969,520,539,183,30.502732240437158
187,615.1134839691215,556.8860089029132,11.591548361094402,2.8544454271993627,1.4016876935581029,17747.0,65.0,26.0,27.60031104199067,8.938444016277748,7.442171739215616,2.985410660720923,11.753573524837677,608,623,529,591,643,166.60031104199066
188,194.58986175115209,549.1382488479263,6.229026422772912,4.233171127954929,-0.4666842394942436,434.0,7.0,2.0,2.2842105263157895,3.141274657157109,4.296739856991561,1.5957691216057308,6.723094811029982,181,210,540,558,190,23.28421052631579
189,1013.553256238588,559.4150943396227,9.835894417569731,5.757487814658309,1.5443918711377476,1643.0,9.0,3.0,3.053903345724907,5.944106103225343,6.955796338302048,2.5854414729132054,11.11324596323283,1002,1023,542,579,538,29.05390334572491
190,425.0649253731343,557.6044776119403,9.813781637231367,6.129200307925981,-1.2122045718264696,1340.0,6.0,1.0,1.8381344307270233,7.590394548326596,7.312732791431452,2.763953195770684,12.70366530947592,408,440,539,582,729,49.838134430727024
191,353.61863173216886,558.1870451237263,7.321328987518587,5.607370600580653,0.4003493537423266,1374.0,6.0,3.0,2.7590361445783134,8.938444016277748,6.793742230659745,2.7057581899030048,10.778826859036359,336,372,546,572,498,47.75903614457831
192,194.84848484848484,576.7171717171717,2.008234112837045,1.1700844304410312,0.0982996728965141,99.0,5.0,1.0,1.9411764705882353,2.326213245840639,1.7841241161527712,0.5641895835477563,3.0901936161855166,191,199,573,580,51,23.941176470588236
193,164.74025974025975,582.4848484848485,4.07282456955973,2.078864637706397,-0.3598717512865493,462.0,8.0,3.0,3.347826086956522,4.61809077155419,3.6125759969217834,1.381976597885342,5.4700209598571305,156,172,576,587,138,25.347826086956523
194,935.725,572.9807692307693,6.535266796911294,2.1663654411311932,-1.422556654489408,520.0,5.0,2.0,2.0233463035019454,5.262410103554244,4.583497844237541,1.7841241161527712,7.463526651802308,929,942,552,587,257,33.023346303501945
195,215.24618320610688,597.5152671755725,3.4137741450310064,2.418717082525012,-1.1016152854554127,524.0,8.0,4.0,3.613793103448276,4.853342309955121,3.5682482323055424,1.381976597885342,5.585191925620057,210,223,592,605,145,25.613793103448277
196,999.5714285714286,590.7281105990784,3.998055080806879,1.489559581954642,0.09249202087676346,217.0,5.0,3.0,2.465909090909091,3.7846987830302403,3.141274657157109,1.1283791670955126,4.61809077155419,992,1007,588,594,88,28.46590909090909
197,176.58300395256916,604.4624505928854,5.525164276969255,3.9049769626222792,-0.6186154717485762,506.0,6.0,2.0,2.375586854460094,5.014626706796775,4.3336224206596095,1.5957691216057308,6.93287767191607,169,190,595,615,213,24.375586854460092
198,276.62983425414365,606.5248618784531,2.0395834317546924,1.8573357805005792,-0.5109869553581134,181.0,7.0,2.0,2.742424242424242,2.4592453796829674,2.326213245840639,0.7978845608028654,3.8678889139475245,272,281,603,611,66,27.742424242424242
199,363.00632911392404,613.9841772151899,3.0557155848177207,2.307315377567602,-1.4070691632437868,316.0,5.0,3.0,2.6115702479338845,4.478115991081385,3.431831258788849,1.381976597885342,5.262410103554244,357,368,608,620,121,50.611570247933884
200,1018.0381526104418,629.004016064257,4.301326642233112,2.457904406821471,0.9950017272698393,498.0,7.0,2.5,2.7065217391304346,4.686510657907603,3.742410318509555,1.4927053303604616,5.997417539138688,1008,1023,618,635,184,29.706521739130434
201,190.7433155080214,625.2245989304813,2.524252200761428,1.6590542276105715,-0.8023095101971146,187.0,7.0,2.0,2.921875,2.6462837142006137,2.326213245840639,0.7978845608028654,3.826519928662906,187,195,621,629,64,23.921875
202,245.46502057613168,626.4448559670782,11.59004760720718,4.449565237593404,0.33045614876643625,2430.0,9.0,4.0,3.9770867430441896,8.253382073025046,7.878478774854901,3.0901936161855166,12.244343853084386,222,266,612,642,611,25.97708674304419
203,630.7813918305598,639.1164901664146,7.404649508926199,1.3253503355109566,1.438020361613922,1322.0,17.0,7.0,7.344444444444444,4.820437914901168,4.029119531035698,1.5957691216057308,6.282549314314218,627,635,622,656,180,179.34444444444443
204,907.5780346820809,650.5153401511783,4.36492954703237,3.3332044075727834,-1.3527869579942726,2249.0,18.0,8.0,8.360594795539033,6.358093703724522,4.918490759365935,1.9544100476116797,7.673807981960539,898,915,641,660,269,55.360594795539036
205,286.9936305732484,655.5647558386412,3.347285943203824,2.276772596674304,-1.1321737172036026,471.0,8.0,4.0,3.957983193277311,4.583497844237541,3.431831258788849,1.2615662610100802,5.292567428401227,283,293,647,663,119,40.95798319327731
206,171.32231404958677,666.9752066115702,1.8712092174687474,1.6152247641865682,0.5679167910307095,121.0,5.0,2.0,2.1607142857142856,2.5231325220201604,2.1850968611841584,0.7978845608028654,3.431831258788849,166,175,664,670,56,24.160714285714285
207,226.47058823529412,672.5220588235294,7.781035885436637,2.1433233046661044,0.15896528060068382,544.0,6.0,2.0,2.125,5.170882945826411,4.686510657907603,1.7841241161527712,7.694520051971082,213,244,666,678,256,27.125
208,204.14705882352942,681.478431372549,4.990690757911196,1.4637222697725443,1.2191649890353178,510.0,9.0,4.0,4.636363636363637,4.029119531035698,3.385137501286538,1.381976597885342,5.232078956954491,199,208,672,691,110,25.636363636363637
209,824.8613346229367,709.02257194297,38.87020846500482,10.865298626258266,-0.3370555529905836,171629.0,93.0,34.0,36.30822932092236,21.638711666278937,20.106057680545288,7.958873497585845,31.955251757380985,752,960,674,750,4727,132.30822932092235
210,688.6125356125356,681.4169040835708,4.58521792592621,3.7930043027051883,-1.5517760243977599,1053.0,10.0,4.0,3.8713235294117645,5.808687281605183,4.820437914901168,1.8712051592547776,7.611333607551958,680,697,669,691,272,152.87132352941177
211,122.608,693.416,2.8847108157922805,2.137223317563201,1.0097800327786715,250.0,6.0,2.0,2.5,3.742410318509555,3.0901936161855166,1.1283791670955126,4.853342309955121,118,128,686,698,100,24.5
212,322.52202025131146,689.9197267292913,5.355446019818894,4.24330085734405,-1.4566416015252945,8197.0,44.0,17.0,18.974537037037038,7.225151993843567,6.076507779746499,2.4592453796829674,9.804569629897316,312,333,676,703,432,59.97453703703704
213,65.15053763440861,700.7311827956989,2.9760174672262187,1.3259235216904681,-0.7257166907055032,186.0,7.0,2.0,2.9523809523809526,2.4592453796829674,2.256758334191025,0.7978845608028654,3.826519928662906,60,70,696,706,63,23.952380952380953
214,254.08275862068965,692.9931034482759,2.8145754865373362,1.6470117149634025,1.109458739524317,145.0,5.0,1.0,1.5263157894736843,2.5231325220201604,2.7057581899030048,0.9772050238058398,4.296739856991561,249,260,688,699,95,28.526315789473685
215,369.586406362979,715.1106290672451,10.295332612722348,5.477487680525814,-0.8157923273114291,1383.0,7.0,2.0,2.5237226277372264,6.6036697681803656,7.024103669400641,2.6462837142006137,11.198843474056307,353,386,696,733,548,51.52372262773723
216,598.044997152079,712.0026580596165,5.691828968507992,4.242679543757652,-0.22698794325852667,5267.0,30.0,12.0,12.815085158150852,7.001408606295148,6.180387232371033,2.4592453796829674,9.739422266375435,585,608,702,722,411,169.81508515815085
217,290.5748031496063,707.6141732283464,4.675669488180522,2.120530394600992,1.0929646360147214,635.0,8.0,4.0,3.6494252873563218,5.322553886092406,4.029119531035698,1.5957691216057308,6.257165172872317,284,298,699,717,174,30.649425287356323
218,176.23166023166024,720.4633204633204,5.649237817472069,1.9930428799793862,-1.113759611045748,259.0,4.0,2.0,2.3981481481481484,5.262410103554244,3.477898169151024,1.381976597885342,5.170882945826411,169,181,711,728,108,23.39814814814815
219,94.11711711711712,714.8468468468468,3.258901685085706,1.1586144740757698,-0.8286222110286374,111.0,5.0,2.0,1.7903225806451613,2.1850968611841584,2.256758334191025,0.7978845608028654,3.523362819972964,88,98,710,721,62,23.79032258064516
220,201.7081850533808,709.373665480427,5.447394320167426,3.6857969330157117,-0.8487942329262188,281.0,4.0,1.0,1.5271739130434783,5.108953969950291,4.1073621666150775,1.5957691216057308,6.579524642479541,193,211,702,722,184,23.527173913043477
221,259.8076311605723,729.4244833068362,17.105029915135002,5.481763071115788,-1.1866135048105324,3145.0,14.0,4.0,4.442090395480226,6.257165172872317,8.272643200907131,2.9316150714175193,13.146949007195484,240,278,708,774,708,29.442090395480225
222,628.0394961786002,681.4923572003217,26.330993510405463,12.682499030650805,-1.0681622743640946,39776.0,71.0,16.0,20.94576092680358,9.853147481188747,12.360774464742066,4.54864184146723,21.185300080932176,578,657,613,741,1899,164.9457609268036
223,307.6111111111111,731.8819444444445,1.9785507585775592,1.4276626944567483,-1.30445867554943,144.0,6.0,3.0,3.130434782608696,3.141274657157109,2.1850968611841584,0.7978845608028654,3.3377905890622728,305,311,728,736,46,33.130434782608695
224,952.598623853211,741.1077981651376,6.5425899511545875,2.3104777074797918,1.1072926307642628,436.0,7.0,2.0,2.1584158415841586,3.8678889139475245,3.742410318509555,1.4927053303604616,6.333012368467128,943,959,717,751,202,37.15841584158416
225,90.9090909090909,738.9772727272727,1.4222453511991775,0.7825449272533962,-0.02295831101442669,132.0,14.0,6.0,6.0,1.8712051592547776,1.381976597885342,0.0,2.111004122822376,88,94,737,740,22,29.0
226,114.82352941176471,745.9957983193277,3.1448614059059348,1.4432217070607485,0.5521858991531461,238.0,8.0,4.0,4.103448275862069,3.1915382432114616,2.4592453796829674,0.9772050238058398,3.7846987830302403,108,119,742,750,58,24.103448275862068
227,35.592340425531916,750.4255319148937,3.052155827168976,2.6088344595831674,-1.2701162394915826,1175.0,16.0,9.0,8.901515151515152,4.918490759365935,3.656366395715726,1.4927053303604616,5.613615477764332,30,42,744,757,132,27.901515151515152
228,100.8407960199005,756.2636815920398,1.7805540916821971,0.8306486127729766,1.490343208854767,402.0,30.0,15.5,14.357142857142858,2.1850968611841584,1.4927053303604616,0.5641895835477563,2.393653682408596,99,103,753,760,28,41.357142857142854
229,81.056,756.8933333333333,1.6197857509878222,0.8666681467029463,1.4628132776197544,375.0,30.0,10.5,12.5,2.0342144725641096,1.4927053303604616,0.5641895835477563,2.326213245840639,79,83,754,760,30,41.5
230,975.9627483443709,733.351821192053,11.089264739813908,2.6446363258267094,1.4201276007508061,1208.0,10.0,4.0,4.040133779264214,5.997417539138688,5.322553886092406,2.0342144725641096,8.368283871884005,970,987,714,760,299,40.04013377926422
231,73.24401913875599,759.0765550239234,1.2083276938710326,0.9233247549237756,-1.5163124716625276,209.0,19.0,9.0,10.45,1.7841241161527712,1.381976597885342,0.5641895835477563,2.111004122822376,71,75,756,761,20,31.45
232,108.94736842105263,757.2787524366472,1.567235662284536,1.0910521945978287,1.453414393393259,513.0,39.0,14.0,16.548387096774192,1.7841241161527712,1.5957691216057308,0.5641895835477563,2.6462837142006137,107,111,754,760,31,35.54838709677419
233,487.2526887655333,761.0254683656091,29.244196646802454,13.077204620646615,-0.2981546937574575,126824.0,80.0,31.0,32.68659793814433,20.018794836487846,19.322978458135964,7.377736139048903,30.119481662601757,386,554,726,791,3880,147.68659793814433
234,85.0952380952381,763.0952380952381,0.7784415158524034,0.7333436975560732,-0.28846647257244284,105.0,20.0,9.5,8.75,1.381976597885342,0.9772050238058398,0.0,1.4927053303604616,84,87,762,765,12,36.75
235,91.28108108108108,766.972972972973,1.5737291121421948,0.8056333238523583,-0.09099064500349836,185.0,18.0,8.0,8.043478260869565,1.7841241161527712,1.381976597885342,0.5641895835477563,2.1850968611841584,88,94,765,768,23,36.04347826086956
236,191.0295566502463,767.8669950738916,2.453679708230683,1.7742841096463187,0.9151143618264479,203.0,6.0,3.0,2.8194444444444446,3.523362819972964,2.6462837142006137,0.9772050238058398,4.1073621666150775,187,195,763,773,72,23.819444444444443
237,88.9179273827534,750.821482602118,6.90258172339157,5.467130240555988,1.1950752968001852,2644.0,47.0,11.0,13.353535353535353,2.6462837142006137,4.068428945128219,1.381976597885342,6.93287767191607,79,103,742,769,198,30.353535353535353
238,166.56019656019657,765.936117936118,5.308387705028283,2.337478733521093,1.4632566274308956,407.0,5.0,2.5,2.4518072289156625,5.140011726956917,4.296739856991561,1.692568750643269,6.358093703724522,161,172,758,778,166,23.451807228915662
239,270.31437598736176,764.6635071090047,4.750527633709602,3.2491414812675172,1.1554405342212433,633.0,7.0,3.0,3.6802325581395348,5.201570947860099,4.222008245644752,1.7841241161527712,6.4820448144285745,266,281,753,775,172,31.680232558139537
240,247.49050086355786,765.5820379965458,3.594415537621989,2.596321763759744,-1.373310528405499,579.0,9.0,3.0,3.366279069767442,4.1073621666150775,3.742410318509555,1.381976597885342,5.970821321441846,241,253,754,772,172,33.366279069767444
241,1021.7725321888412,778.6523605150214,5.694277556253622,1.1697322479616268,-1.5664535200239296,233.0,7.0,2.0,2.647727272727273,2.5231325220201604,2.876813695875796,0.9772050238058398,4.583497844237541,1019,1023,766,788,88,30.647727272727273
242,93.5,774.6451612903226,1.0284735968662506,0.5097842070830577,0.04047400771698854,62.0,11.0,6.5,6.2,1.381976597885342,0.7978845608028654,0.0,1.381976597885342,92,95,774,776,10,31.2
243,63.394067796610166,776.0338983050848,4.4344915135649465,1.3038531103343967,1.3758188430773302,236.0,7.0,4.0,3.5223880597014925,3.3377905890622728,2.6462837142006137,0.9772050238058398,3.949327084834294,61,67,767,783,67,24.52238805970149
244,218.25301204819277,782.2289156626506,3.0867446228368043,2.782722042084884,1.4743735064302415,415.0,6.0,3.0,2.804054054054054,5.077706251929807,3.656366395715726,1.381976597885342,5.698035485213008,209,223,775,790,148,24.804054054054053
245,988.6341463414634,826.4065040650406,2.5155144064406745,1.6000264643254214,1.5334470945788772,246.0,7.0,3.5,3.5142857142857142,3.3377905890622728,2.5854414729132054,0.9772050238058398,3.989422804014327,985,992,821,831,70,33.51428571428571
246,970.3073394495412,847.7889908256881,3.476373040190929,2.0297499289151046,-1.4522868050803375,218.0,4.0,2.0,1.7868852459016393,4.686510657907603,3.3377905890622728,1.2615662610100802,5.322553886092406,965,975,840,855,122,35.78688524590164
247,341.95691609977325,855.1746031746031,6.9555339691595615,3.279634913590871,0.5447247826637811,882.0,7.0,3.0,3.0625,5.917270272703197,5.232078956954491,2.0342144725641096,8.19532708223289,329,353,843,867,288,32.0625
248,17.677229388670778,865.6671340437465,13.235497216464237,3.0254692204647493,-0.20545098086445804,3566.0,15.0,6.0,6.190972222222222,8.07796550300118,7.2909362219603215,2.876813695875796,11.437891554894984,0,50,856,875,576,40.19097222222222
249,987.9944444444444,855.7888888888889,3.973466619620045,2.3250490632269094,-0.998018990096444,360.0,7.0,3.0,2.88,3.477898169151024,3.431831258788849,1.2615662610100802,5.499039842323396,983,995,850,866,125,30.88
250,1010.6426116838488,875.0927835051547,5.596354047784548,2.100110846060654,-0.5948570588691442,291.0,4.0,1.0,1.5815217391304348,5.170882945826411,3.9088200952233594,1.4927053303604616,6.383076486422923,1001,1021,863,883,184,29.581521739130434
251,68.9820788530466,871.0215053763441,2.952603050628228,1.6959757237681037,0.5277880167446263,279.0,7.0,4.0,3.6233766233766236,3.656366395715726,2.8209479177387813,1.1283791670955126,4.259537945889915,64,74,866,875,77,37.62337662337662
252,119.28467153284672,874.1423357664233,3.0745603481322354,1.7604164238299307,0.2878433281885947,274.0,6.0,3.0,3.1136363636363638,4.145929793656026,2.985410660720923,1.1283791670955126,4.61809077155419,112,125,870,878,88,24.113636363636363
253,140.73648648648648,876.9797297297297,2.804762662174605,1.9579904043526224,-0.9582130191043182,148.0,4.0,2.0,1.783132530120482,4.1841419359420025,2.876813695875796,1.1283791670955126,4.296739856991561,135,146,871,881,83,23.783132530120483
254,957.2515527950311,880.1583850931677,4.9922239315328865,1.9389486600535832,-0.8476550816518148,322.0,5.0,2.0,2.267605633802817,4.145929793656026,3.7846987830302403,1.381976597885342,5.808687281605183,949,965,871,888,142,33.267605633802816
255,238.1153846153846,886.6025641025641,2.863049291967708,2.1371891085350976,-0.6889296171532435,156.0,4.0,2.0,1.752808988764045,3.826519928662906,2.7057581899030048,0.9772050238058398,4.51351666838205,232,244,882,893,89,23.752808988764045
256,310.1003236245955,886.4789644012945,5.4189030468153705,2.0091776279866065,-1.1578318427656151,309.0,5.0,2.0,1.8841463414634145,3.989422804014327,3.742410318509555,1.4927053303604616,5.970821321441846,304,318,878,899,164,27.884146341463413
257,837.6024096385543,886.8102409638554,4.358793684353664,3.098225250764402,0.9116258165691027,332.0,4.0,2.0,1.7382198952879582,6.128667601500942,4.652426491681278,1.692568750643269,6.955796338302048,829,846,880,898,191,50.738219895287955
258,275.6080901856764,892.604774535809,8.350163997041019,7.279388749158723,-0.1981776682044606,1508.0,7.0,3.0,2.782287822878229,7.312732791431452,7.269074295019226,2.9316150714175193,11.396070970426017,260,291,881,910,542,24.782287822878228
259,140.68641114982577,901.0,2.401859901209352,2.1250897179449764,0.3653747385516934,287.0,6.0,3.0,3.3372093023255816,4.296739856991561,2.9316150714175193,1.1283791670955126,4.478115991081385,135,146,896,905,86,24.337209302325583
260,1013.5253784505788,911.007123775601,7.9025967557709,4.8681143005578535,-0.83712195905248,1123.0,11.0,3.0,3.3723723723723724,4.029119531035698,5.322553886092406,1.8712051592547776,8.95623198216277,1002,1023,902,928,333,30.37237237237237
261,197.2171052631579,916.9078947368421,1.8032469791628833,1.622797501550565,-1.4421006165233705,152.0,6.0,2.0,2.533333333333333,3.0382538898732494,2.1850968611841584,0.7978845608028654,3.3377905890622728,193,201,912,921,60,24.533333333333335
262,221.96774193548387,915.4580645161291,2.0267283925581365,1.8150513945340119,-0.42935846494792396,155.0,5.0,2.0,2.6724137931034484,2.9316150714175193,2.256758334191025,0.9772050238058398,3.656366395715726,217,226,912,920,58,23.67241379310345
263,988.7516129032258,921.7,2.9489036341096035,1.9102474709467403,1.3446359388128544,310.0,7.0,3.0,3.1313131313131315,3.6125759969217834,2.876813695875796,1.1283791670955126,4.61809077155419,983,993,916,929,99,31.13131313131313
264,372.2718894009217,936.036866359447,3.5169610538980485,1.7787627445388015,-1.4113217900722541,217.0,4.0,2.0,2.2142857142857144,4.787307364817192,3.2410224072142872,1.2615662610100802,4.853342309955121,368,376,929,943,98,32.214285714285715
265,685.3213645470843,904.6645576294421,11.018610153107758,3.376295736892356,1.400753494101124,18966.0,59.0,25.0,26.78813559322034,9.82078894558317,7.958873497585845,3.2410224072142872,12.412170838050638,676,694,875,929,708,162.78813559322035
266,178.50980392156862,933.3235294117648,2.0298866027192966,1.2268598696517312,-0.5580286206413589,102.0,5.0,2.0,2.0816326530612246,2.5854414729132054,1.9544100476116797,0.7978845608028654,2.985410660720923,175,183,930,937,49,25.081632653061224
267,352.0340599455041,935.2452316076294,4.232859705193821,2.3923283579510852,0.1946943477479407,734.0,11.0,4.0,4.05524861878453,3.949327084834294,4.068428945128219,1.4927053303604616,6.457444935117649,343,361,930,942,181,33.05524861878453
268,295.15706806282725,934.4502617801047,4.000759241141733,1.8860263422585486,1.2232129251906145,191.0,4.0,1.0,1.6902654867256637,4.222008245644752,3.0901936161855166,1.1283791670955126,5.077706251929807,291,303,928,943,113,25.690265486725664
269,941.5421290587752,937.5803534730785,8.573660440623886,6.522664399520089,-0.3907071602441503,2433.0,9.0,4.0,3.680786686838124,8.368283871884005,8.175883811466258,3.1915382432114616,12.678584010953838,922,959,926,955,661,29.680786686838125
270,895.1320754716982,950.2293178519593,10.304943305634069,3.172029371690158,1.5626259130094222,689.0,4.0,2.0,2.3515358361774745,9.009385160867895,5.725898905580716,2.326213245840639,8.722159296752494,888,903,927,966,293,36.351535836177476
271,994.6036414565826,959.889355742297,6.730118456352132,2.7097760065764898,-0.997100200671922,714.0,7.0,3.0,3.090909090909091,4.918490759365935,4.950743503369154,1.9544100476116797,7.715176518808164,987,1005,948,972,231,26.09090909090909
272,256.890756302521,964.5420168067227,3.1753396453579747,2.2571431079226247,0.44344569776432835,238.0,4.0,2.0,1.7894736842105263,4.820437914901168,3.2897623212397704,1.2615662610100802,5.140011726956917,250,263,959,972,133,23.789473684210527
273,426.96491228070175,971.2587719298245,3.0420311020009776,2.679969902747453,-1.5518867548992816,228.0,4.0,2.0,2.017699115044248,5.077706251929807,3.385137501286538,1.381976597885342,5.170882945826411,422,433,963,976,113,34.017699115044245
274,706.7085384892519,1008.5072655217965,10.729464834827706,2.8095743190180893,1.3074671851146245,8327.0,40.0,15.0,16.23196881091618,7.878478774854901,6.699380116989518,2.6462837142006137,10.49453289192004,698,716,976,1023,513,104.23196881091619
275,954.4182692307693,998.6365384615384,7.673709614620054,4.0762459637762865,-1.2751980560653084,1040.0,8.0,3.0,2.979942693409742,6.407961869245868,5.322553886092406,2.111004122822376,8.500373177909337,944,966,987,1013,349,30.979942693409743
276,872.2367782629791,994.1465308102863,7.149220866960066,4.685328095931471,-0.5296466108576376,2061.0,9.0,4.0,4.348101265822785,7.817640190446719,6.579524642479541,2.6462837142006137,10.600159896099592,853,886,980,1006,474,35.348101265822784
277,323.2604501607717,1002.1961414790997,4.602079628202591,1.8094316400934574,0.42022762138329167,311.0,5.0,2.0,2.6134453781512605,4.259537945889915,3.6125759969217834,1.381976597885342,5.499039842323396,313,331,997,1007,119,26.613445378151262
278,280.7775377969762,1014.5291576673866,3.5515679221665613,2.8335120030969985,-0.0035316010570395034,463.0,8.0,2.0,2.615819209039548,3.949327084834294,3.523362819972964,1.2615662610100802,5.863230142835039,266,287,1009,1023,177,24.615819209039547
279,349.08092485549133,1015.7784200385356,5.26267465568507,2.6779726783416304,1.3414431022822035,519.0,5.0,3.0,3.0174418604651163,5.944106103225343,4.370193722368317,1.7841241161527712,6.6036697681803656,344,356,1006,1023,172,26.017441860465116
280,917.2621359223301,1022.3106796116505,3.014811981889386,0.7619862908320832,-0.050737138873355785,103.0,6.0,3.0,2.861111111111111,2.4592453796829674,1.8712051592547776,0.5641895835477563,2.876813695875796,911,923,1020,1023,36,30.86111111111111
281,990.5069252077562,1021.2299168975069,3.5369594954683055,1.441384579752077,-0.06900960908994683,361.0,11.0,4.0,3.967032967032967,2.876813695875796,2.763953195770684,0.9772050238058398,4.370193722368317,982,998,1018,1023,91,26.967032967032967
