ID,X,Y,A,B,theta,total_flux,mu_max,mu_median,mu_mean,R_fwhm,R_e,R10,R90,x_start,x_end,y_start,y_end,area,greylevel
0,503.7161733615222,518.6605216456884,300.5899148575615,296.31843068206433,0.761199835250317,1142768.0,10.0,1.0,1.486842738688008,75.59298298632889,224.62469808249318,84.76185722985511,370.1337372681293,0,1023,0,1023,768587,1.486842738688008
1,29.36842105263158,1.1403508771929824,1.7463887373395097,1.0620862821240602,-0.07280573927171079,57.0,4.0,1.0,1.5,2.256758334191025,1.5957691216057308,0.5641895835477563,2.7057581899030048,26,34,0,4,38,6.5
2,433.3534096565455,11.982578397212544,12.575491892418283,8.624175384888545,0.777248963323435,2009.0,8.0,3.0,2.8295774647887324,8.117274569709014,8.136857890256438,3.0382538898732494,12.890219570974683,407,452,0,44,710,5.829577464788732
3,753.8422818791946,1.7919463087248322,5.084309960300001,1.5142787984690727,0.0673285111866436,298.0,7.0,2.0,2.504201680672269,3.2897623212397704,2.876813695875796,1.1283791670955126,4.753945931439391,737,763,0,6,119,6.504201680672269
4,6.7272727272727275,3.5,3.327322404000743,1.797725836110218,0.0,220.0,4.0,2.0,1.8333333333333333,4.720348719413148,3.1915382432114616,1.2615662610100802,4.886025119029199,0,14,0,8,120,5.833333333333333
5,63.281861678990865,26.493257938234017,13.413101677452227,6.067545285842263,0.985023924847399,2299.0,9.0,2.0,2.5860517435320585,5.613615477764332,8.812923024107548,3.0382538898732494,14.417224270920368,48,84,5,58,889,5.5860517435320585
6,268.60604942825523,7.801918111398008,8.133714968674864,4.9431067282021806,0.12119310067447465,2711.0,9.0,5.0,5.011090573012939,10.202319970580199,7.958873497585845,3.2410224072142872,11.685672474138842,253,287,0,22,541,7.011090573012939
7,193.06103286384976,3.7183098591549295,3.6074221751524242,1.8327110970731555,-0.061100884908172406,213.0,5.0,2.0,1.7603305785123966,3.2410224072142872,3.1915382432114616,1.2615662610100802,4.950743503369154,185,200,0,8,121,5.760330578512397
8,337.84093872229465,9.96870925684485,11.789034516422138,2.66689583949116,0.46910502490260203,767.0,6.0,2.0,2.3894080996884735,6.407961869245868,5.527906391541368,2.111004122822376,8.740387444736633,315,353,0,22,321,5.389408099688474
9,1012.0879120879121,2.791208791208791,2.6278349738803546,1.4061390329821128,-0.6703733589490952,91.0,3.0,2.0,1.5964912280701755,3.141274657157109,2.393653682408596,0.9772050238058398,3.6125759969217834,1008,1018,0,9,57,5.5964912280701755
10,488.47011144883487,6.057750759878419,4.519344715237725,2.9522745572849396,0.5189906725619575,987.0,9.0,4.0,4.426008968609866,5.917270272703197,4.753945931439391,1.8712051592547776,7.247146419131151,479,498,0,15,223,7.426008968609866
11,660.2307692307693,13.205128205128204,2.751621983978773,2.1932094099167085,-0.5638826157291719,195.0,4.0,2.0,2.2413793103448274,4.720348719413148,3.0901936161855166,1.1283791670955126,4.652426491681278,655,665,9,18,87,5.241379310344827
12,675.1083032490975,7.870036101083032,4.855150353303718,2.2129369136505797,1.2685849294629374,277.0,4.0,2.0,2.1307692307692307,5.863230142835039,3.949327084834294,1.381976597885342,5.753627391751592,671,683,0,15,130,5.130769230769231
13,382.12264150943395,10.172955974842766,8.951585602551381,4.21515797065264,0.17737249259531945,954.0,6.0,2.0,2.403022670025189,7.334464586120832,6.407961869245868,2.326213245840639,9.772050238058398,364,400,0,21,397,5.403022670025189
14,957.5285285285286,9.29129129129129,5.148864937601387,2.6765716637952854,-0.4877884966500014,333.0,4.0,2.0,2.018181818181818,6.050259243299904,4.222008245644752,1.5957691216057308,6.432750982580687,950,968,4,19,165,5.0181818181818185
15,819.1356707317074,23.9359756097561,6.395330704968316,2.409226774375295,-1.456155396765367,656.0,7.0,2.0,2.4296296296296296,4.478115991081385,4.54864184146723,1.692568750643269,7.898654169668588,813,825,6,39,270,6.42962962962963
16,112.02562326869806,11.159279778393351,5.250979108587969,3.263404167417849,0.6381132414826152,1444.0,11.0,5.0,4.7344262295081965,6.231677632421503,5.232078956954491,2.111004122822376,8.136857890256438,101,122,2,21,305,7.7344262295081965
17,460.56880733944956,20.376146788990827,2.614854661318153,1.5236010353362883,-1.3060427188021475,109.0,3.0,2.0,1.912280701754386,3.656366395715726,2.5854414729132054,0.9772050238058398,3.7846987830302403,457,463,16,25,57,5.912280701754386
18,611.8257372654156,8.38739946380697,5.368730155888827,2.8609961046605843,-0.8761036796158806,746.0,8.0,3.0,3.5355450236966823,5.670035141386943,4.820437914901168,1.8712051592547776,7.269074295019226,602,619,0,17,211,6.535545023696683
19,689.3608695652174,26.643478260869564,4.311911398072744,3.5903572540512085,-0.5632799003561408,690.0,7.0,3.0,3.1363636363636362,5.527906391541368,4.51351666838205,1.7841241161527712,7.1141599576634995,681,701,18,35,220,6.136363636363637
20,706.08,8.27,4.548625203165523,2.5788968108689048,1.305818012755927,200.0,3.0,1.0,1.098901098901099,4.296739856991561,3.6996385101659595,1.381976597885342,5.890312181373172,698,712,0,19,182,5.0989010989010985
21,540.7445482866044,16.981308411214954,4.327354626440096,1.801604884866876,-1.3056803464041735,321.0,5.0,2.0,2.0445859872611467,4.1841419359420025,3.477898169151024,1.381976597885342,5.499039842323396,536,546,8,27,157,6.044585987261146
22,994.9808558558559,28.306306306306308,7.16470799254494,3.3015862903501194,1.518780737215118,888.0,6.0,3.0,2.8925081433224755,7.632215220473915,5.556622981616415,2.1850968611841584,8.593479713983122,986,1003,16,45,307,5.892508143322476
23,499.97798377752025,35.96523754345307,7.428123388033421,4.353681875514087,-0.9287883514837784,863.0,5.0,2.0,2.2830687830687832,6.886811529393324,6.407961869245868,2.5854414729132054,9.640875829802336,488,515,20,47,378,5.283068783068783
24,161.87525252525253,36.67272727272727,18.115270487840032,15.70685784054198,0.5475126100843427,5940.0,8.0,3.0,2.9611166500498505,14.417224270920368,13.73891416768399,5.140011726956917,21.996159369293583,133,214,9,73,2006,5.96111665004985
25,927.3728813559322,23.508474576271187,4.252845983958533,1.1747854765842838,-0.2913305908144088,59.0,1.0,1.0,0.6555555555555556,4.3336224206596095,3.0382538898732494,1.2615662610100802,4.1073621666150775,920,935,20,27,90,4.655555555555556
26,33.16883116883117,33.35064935064935,2.2595691631142683,1.6324724158470294,0.6692276372256585,77.0,3.0,1.0,1.1323529411764706,2.876813695875796,2.393653682408596,0.7978845608028654,3.6125759969217834,29,37,28,37,68,5.132352941176471
27,5.686224489795919,26.584183673469386,2.727045857294325,2.3949405326690467,-0.1152108284876678,392.0,7.0,3.0,3.596330275229358,4.145929793656026,3.2897623212397704,1.2615662610100802,5.108953969950291,0,12,21,31,109,6.5963302752293576
28,648.3716216216217,35.851351351351354,3.1127131956666476,1.3236951546346425,-0.9146009261591452,148.0,5.0,2.0,2.3125,2.876813695875796,2.5231325220201604,0.9772050238058398,3.9088200952233594,644,653,31,41,64,5.3125
29,440.85526315789474,35.64473684210526,3.3940945849415614,2.254542366784823,0.014499217204434941,152.0,3.0,1.0,1.5833333333333333,3.8678889139475245,3.141274657157109,1.2615662610100802,4.950743503369154,433,446,32,41,96,7.583333333333333
30,196.35329341317365,34.75449101796407,4.807176637002239,1.593203443992619,0.8277710146073128,167.0,3.0,2.0,1.7040816326530612,4.222008245644752,3.2897623212397704,1.2615662610100802,5.046265044040321,189,202,27,41,98,7.704081632653061
31,260.90875912408757,35.86496350364963,4.681676194973084,2.10592267105403,0.6814533104501005,274.0,4.0,1.0,1.4891304347826086,5.382025607773058,3.9088200952233594,1.381976597885342,6.076507779746499,252,269,28,43,184,5.489130434782608
32,847.0263157894736,32.96052631578947,2.831731621102517,1.3543664538924867,-1.5368967947103704,76.0,2.0,1.0,0.9047619047619048,4.145929793656026,2.393653682408596,0.9772050238058398,3.826519928662906,844,851,26,39,84,4.904761904761905
33,805.4064516129032,40.2,2.6386241891833753,1.563765551652629,-1.5126763934090712,155.0,5.0,2.0,2.183098591549296,2.876813695875796,2.5854414729132054,0.9772050238058398,4.145929793656026,802,809,35,46,71,8.183098591549296
34,605.9952038369305,35.58513189448441,7.129535048018466,3.1474536299342155,0.13258499000103088,417.0,4.0,2.0,1.8533333333333333,6.579524642479541,4.886025119029199,2.0342144725641096,7.611333607551958,590,618,29,43,225,4.8533333333333335
35,1022.125,46.16346153846154,6.660740593692997,0.9177091418266421,1.5418666135550574,104.0,3.0,1.0,1.3,2.876813695875796,2.326213245840639,0.9772050238058398,4.029119531035698,1020,1023,36,63,80,5.3
36,374.59090909090907,36.53719008264463,5.690305640462257,1.8617588603046797,0.6453490698998651,242.0,4.0,2.0,2.0,5.170882945826411,3.5682482323055424,1.381976597885342,5.440847306724618,366,382,30,45,121,5.0
37,319.2196900638104,31.52415679124886,8.944491127045772,4.66013198413961,0.38319302557294943,1097.0,6.0,2.0,2.1218568665377178,7.673807981960539,6.699380116989518,2.5231325220201604,10.674967880691588,303,341,17,46,517,6.121856866537717
38,565.5370370370371,42.30740740740741,3.81609428353095,2.2971152666145835,0.5946073137995745,270.0,3.0,1.0,1.3846153846153846,5.292567428401227,3.742410318509555,1.5957691216057308,5.781222885281108,557,573,36,53,195,5.384615384615385
39,425.08620689655174,46.03448275862069,1.5050475673772958,1.0757535094149466,-0.11256483455763978,58.0,5.0,2.0,1.6571428571428573,1.692568750643269,1.4927053303604616,0.5641895835477563,2.5231325220201604,422,429,43,48,35,6.6571428571428575
40,127.52466367713005,54.95964125560538,4.2470055385766505,2.1005952851636978,0.30538450479786045,446.0,7.0,3.0,2.858974358974359,4.442433223290478,3.742410318509555,1.381976597885342,5.698035485213008,117,135,50,61,156,6.858974358974359
41,870.9673202614379,54.98692810457516,3.7209237964653608,2.069832412409517,0.3958426412317763,306.0,5.0,2.0,2.2335766423357666,4.3336224206596095,3.5682482323055424,1.381976597885342,5.4115163798060095,863,879,49,61,137,6.233576642335766
42,982.2235294117647,51.78823529411765,2.4533427959034846,1.369136491130212,-1.055928653938727,85.0,3.0,1.0,1.4912280701754386,2.9316150714175193,2.1850968611841584,0.7978845608028654,3.477898169151024,979,986,47,56,57,5.491228070175438
43,530.2102065613609,43.704131227217495,7.77421748541245,3.6207246858791486,-0.19322037176401136,1646.0,9.0,4.0,4.448648648648649,6.978639737521917,6.383076486422923,2.5231325220201604,9.788323438736636,517,549,35,55,370,6.448648648648649
44,545.0227272727273,61.90909090909091,2.936903610897932,1.7195130937277034,0.906163706786391,88.0,3.0,1.0,0.9777777777777777,2.393653682408596,2.5231325220201604,0.7978845608028654,4.222008245644752,540,551,56,67,90,4.977777777777778
45,851.5428571428571,54.180952380952384,2.0796503783993514,1.4976163584976079,0.016862229628744493,105.0,5.0,1.0,1.5217391304347827,2.256758334191025,2.111004122822376,0.7978845608028654,3.656366395715726,848,857,50,58,69,7.521739130434782
46,815.4791666666666,62.65151515151515,5.048229155099302,2.676982247416349,0.5349953245137146,528.0,8.0,2.0,2.600985221674877,4.583497844237541,3.9088200952233594,1.4927053303604616,6.257165172872317,804,824,53,70,203,7.600985221674877
47,932.8372093023256,63.33720930232558,2.093785893688294,1.5918508854147635,0.4751672173071122,86.0,3.0,1.0,1.2112676056338028,2.9316150714175193,2.256758334191025,0.7978845608028654,3.6125759969217834,928,938,59,68,71,5.211267605633803
48,240.0802752293578,67.75688073394495,2.880343945497526,2.463121342570983,1.2855013738256993,436.0,7.0,3.0,2.9659863945578233,4.442433223290478,3.431831258788849,1.381976597885342,5.322553886092406,234,246,61,76,147,6.965986394557823
49,305.0943396226415,65.52201257861635,4.338335442668248,2.4323479222360653,0.3985165028606953,477.0,8.0,2.0,2.3268292682926828,3.826519928662906,4.029119531035698,1.381976597885342,6.358093703724522,297,318,57,71,205,7.326829268292683
50,362.4601113172542,65.65491651205937,3.8809885502283423,2.2345117250818625,0.7246209252851626,539.0,7.0,4.0,3.5933333333333333,4.918490759365935,3.7846987830302403,1.4927053303604616,5.890312181373172,356,370,58,73,150,8.593333333333334
51,702.8484848484849,60.5959595959596,2.126951702441355,1.4519134906683622,-0.6824678994712836,99.0,4.0,1.0,1.4776119402985075,3.141274657157109,2.1850968611841584,0.7978845608028654,3.523362819972964,697,707,57,65,67,6.477611940298507
52,143.2020202020202,66.87878787878788,2.0901144872913098,1.3633580499964597,-1.1058966268138466,99.0,4.0,2.0,1.9411764705882353,3.0901936161855166,2.111004122822376,0.7978845608028654,3.385137501286538,140,147,62,71,51,8.941176470588236
53,589.2933333333333,75.54666666666667,4.797500826434206,1.3363246604783843,-1.4084196162242884,75.0,3.0,1.0,0.6696428571428571,2.111004122822376,2.6462837142006137,0.9772050238058398,4.068428945128219,585,597,63,82,112,4.669642857142857
54,75.72321428571429,76.34821428571429,2.517714448537339,2.0175215717208514,-0.7282028906769858,224.0,5.0,3.0,2.731707317073171,3.826519928662906,2.8209479177387813,1.1283791670955126,4.3336224206596095,71,82,72,81,82,6.7317073170731705
55,220.44210526315788,71.3157894736842,4.394769495984404,2.2967436835844506,0.9085153611860896,95.0,2.0,0.0,0.6418918918918919,4.720348719413148,2.7057581899030048,1.1283791670955126,4.370193722368317,209,226,65,83,148,4.641891891891892
56,724.5639571518589,60.2463768115942,9.42920927878593,2.959586503774866,-1.160959234571624,1587.0,9.0,4.0,4.24331550802139,6.840435166640879,6.383076486422923,2.4592453796829674,9.788323438736636,715,739,44,76,374,6.24331550802139
57,131.45235803657363,92.62175168431183,7.003169307748191,2.678224482601096,1.3695215012562227,1039.0,10.0,3.0,3.8339483394833946,5.440847306724618,4.686510657907603,1.7841241161527712,7.756324418739616,122,138,73,104,271,8.833948339483396
58,692.1357552581262,75.23900573613767,3.410525890195417,2.734634961290162,0.16698570551420674,523.0,7.0,3.0,3.228395061728395,4.753945931439391,3.9088200952233594,1.5957691216057308,6.180387232371033,685,701,69,81,162,6.228395061728395
59,385.72072072072075,76.1891891891892,2.720577294855119,2.6128551547836785,1.478304589686904,111.0,3.0,1.0,1.15625,3.0382538898732494,2.6462837142006137,0.9772050238058398,4.370193722368317,379,392,70,84,96,8.15625
60,485.1034482758621,81.85344827586206,2.537510745691322,1.532261654904591,-0.09377255918623136,116.0,4.0,2.0,1.6111111111111112,3.431831258788849,2.4592453796829674,0.7978845608028654,3.9088200952233594,480,491,78,85,72,7.611111111111111
61,615.0606860158312,74.96042216358839,5.095454589950524,2.7401944973720616,-0.5021984688665477,379.0,5.0,1.0,1.3731884057971016,4.51351666838205,3.8678889139475245,1.4927053303604616,6.358093703724522,608,633,61,82,276,5.3731884057971016
62,974.2919708029198,83.7080291970803,2.4717311841736396,1.647043345963591,-0.6682882410887383,137.0,4.0,2.0,1.8026315789473684,3.7846987830302403,2.5231325220201604,0.9772050238058398,3.826519928662906,969,979,80,88,76,5.802631578947368
63,1009.7769607843137,86.62254901960785,3.382600393629387,2.10755290201986,0.4175257508019834,408.0,7.0,3.0,2.8137931034482757,4.222008245644752,3.3377905890622728,1.2615662610100802,5.322553886092406,1003,1017,80,92,145,6.813793103448276
64,418.4193548387097,76.98387096774194,5.617505195752451,1.7254547715378419,0.23416657052506942,124.0,3.0,1.0,1.158878504672897,3.0901936161855166,3.0382538898732494,1.1283791670955126,4.982787485166879,406,426,71,82,107,7.158878504672897
65,938.349932705249,92.63122476446837,8.958599603235628,3.409548087139801,-0.3952933772462718,743.0,5.0,2.0,1.8391089108910892,5.725898905580716,6.154581744998688,2.393653682408596,9.52461639974967,921,955,83,101,404,5.839108910891089
66,435.5,90.40625,1.75,1.729511762752714,0.0,64.0,3.0,1.0,1.0158730158730158,2.393653682408596,2.0342144725641096,0.7978845608028654,3.3377905890622728,432,439,85,94,63,8.015873015873016
67,289.84090909090907,88.05681818181819,8.717445406962854,4.403260565784397,0.16846590858026497,1496.0,8.0,3.0,3.0973084886128364,7.632215220473915,6.90988298942671,2.5231325220201604,10.71960208740737,274,310,78,100,483,6.097308488612836
68,641.5158469945355,94.4,7.857150699147489,3.0494579942460693,1.2907368844950793,915.0,8.0,3.0,3.66,5.4700209598571305,5.014626706796775,1.9544100476116797,8.018640596081465,633,650,78,106,250,5.66
69,28.047609640458315,71.58415645989727,11.580636628217404,7.782967768996416,0.744384384232182,5062.0,16.0,4.0,4.844019138755981,7.399277020331919,9.079772052293041,3.2410224072142872,15.316474337048122,0,54,55,96,1045,7.844019138755981
70,681.7450980392157,91.41176470588235,1.5433312928731238,1.3028157306418973,1.1777001045923863,51.0,3.0,1.0,1.0,2.393653682408596,1.7841241161527712,0.5641895835477563,2.7057581899030048,678,685,87,94,51,5.0
71,177.7029702970297,84.57425742574257,1.6928985489170816,1.510116784639701,-0.9014708218248851,101.0,4.0,1.5,1.8703703703703705,2.9316150714175193,1.9544100476116797,0.7978845608028654,3.141274657157109,174,181,81,89,54,5.87037037037037
72,43.67178502879079,83.18234165067179,3.335377841040303,2.136673854968313,-1.4647127596537974,521.0,9.0,4.0,4.341666666666667,3.949327084834294,3.385137501286538,1.381976597885342,5.262410103554244,39,48,77,91,120,13.341666666666667
73,200.74586526825334,98.64824526018556,11.103415787873393,4.1907696587710985,-0.008671587662669197,2479.0,12.0,3.0,3.9224683544303796,6.6755811781245455,6.627726932618989,2.5854414729132054,11.98155910843366,184,232,89,112,632,6.9224683544303796
74,359.4880066170389,99.51282051282051,4.668323130500656,2.9545914402027287,0.5913097922930413,1209.0,11.0,4.0,4.686046511627907,5.262410103554244,4.720348719413148,1.8712051592547776,7.54834217738561,349,368,92,109,258,8.686046511627907
75,496.037170263789,71.54716227018385,9.536184336295111,6.524827182848833,0.5947110173479424,2502.0,10.0,3.0,3.9032761310452417,7.54834217738561,8.018640596081465,2.9316150714175193,12.778613837669742,477,515,59,94,641,5.903276131045242
76,396.36,96.84941176470588,3.3616575846842998,2.4864182239441073,-1.3700975008574903,425.0,9.0,2.0,2.6729559748427674,2.763953195770684,3.477898169151024,1.2615662610100802,5.890312181373172,390,403,89,104,159,8.672955974842766
77,788.0241836105977,99.94485520640788,32.8676277889424,10.369241952463877,0.06499851641717382,6492.0,11.0,3.0,3.225037257824143,6.978639737521917,14.250673927406327,4.886025119029199,22.376359198205208,719,847,79,132,2013,6.225037257824143
78,899.7559055118111,92.64566929133858,3.004312486434661,1.5220161525757683,-0.03168956938543336,127.0,4.0,2.0,2.0483870967741935,3.9088200952233594,2.6462837142006137,0.9772050238058398,3.9088200952233594,893,906,90,95,62,6.048387096774194
79,736.8576388888889,99.44097222222223,6.90641814980052,1.8171249079489664,0.24060594397180163,288.0,5.0,2.0,2.1654135338345863,4.478115991081385,3.6996385101659595,1.381976597885342,5.382025607773058,721,748,95,105,133,9.165413533834586
80,548.0639269406392,100.46575342465754,2.5964280996539166,1.895949852345225,0.18480615634471714,219.0,5.0,2.0,2.4065934065934065,3.6996385101659595,2.763953195770684,1.1283791670955126,4.3336224206596095,543,555,96,104,91,6.406593406593407
81,244.92124105011933,97.4964200477327,3.4316040139242734,2.2971607074356744,0.2770385588977095,419.0,6.0,3.0,2.992857142857143,5.077706251929807,3.523362819972964,1.381976597885342,5.527906391541368,238,253,92,102,140,6.992857142857143
82,973.9090909090909,104.5340909090909,2.277056004033571,2.0612547440472255,1.1397786223681663,176.0,5.0,2.0,1.8144329896907216,3.0901936161855166,2.6462837142006137,0.9772050238058398,4.296739856991561,968,979,99,111,97,5.814432989690721
83,342.7149758454106,104.06763285024155,5.102079639931519,1.495201451813004,1.1589199815931284,207.0,4.0,2.0,1.9528301886792452,4.686510657907603,3.2410224072142872,1.2615662610100802,5.077706251929807,337,348,96,112,106,6.952830188679245
84,483.42934782608694,111.27717391304348,4.612958542463121,3.4840775504840074,1.3392875593487803,368.0,3.0,2.0,1.7864077669902914,6.840435166640879,5.140011726956917,1.9544100476116797,7.312732791431452,477,493,103,119,206,4.786407766990291
85,807.7234042553191,103.56382978723404,2.3374242710109763,1.4887936819625576,-0.28884878842767797,94.0,5.0,2.0,1.7735849056603774,1.8712051592547776,2.1850968611841584,0.7978845608028654,3.6125759969217834,803,814,100,107,53,9.773584905660377
86,766.2487067250298,102.87743732590529,4.840469810618569,3.783004230901756,0.5063611353842882,2513.0,19.0,6.0,6.84741144414169,5.641895835477563,5.292567428401227,2.0342144725641096,8.740387444736633,755,779,92,112,367,13.84741144414169
87,3.264705882352941,113.94117647058823,3.1091876273784975,1.391363889939654,-0.9941789691711597,102.0,3.0,1.0,1.3076923076923077,3.385137501286538,2.6462837142006137,0.9772050238058398,3.989422804014327,0,8,107,119,78,5.3076923076923075
88,33.86774193548387,103.37096774193549,4.089478060489046,2.0284497328472706,0.4588457048925291,310.0,5.0,2.0,2.3484848484848486,4.296739856991561,3.6125759969217834,1.381976597885342,5.585191925620057,25,41,98,109,132,6.348484848484849
89,663.1450252951096,110.035413153457,6.844155339717553,2.439211714411562,-1.058462903401364,593.0,7.0,2.0,2.683257918552036,4.406461512053774,4.370193722368317,1.692568750643269,7.091753098990329,655,672,97,120,221,5.683257918552036
90,269.19036144578314,106.86746987951807,3.0879998010890635,2.730611405549276,0.2560931273897322,415.0,6.0,2.0,2.5,4.820437914901168,3.6125759969217834,1.381976597885342,5.808687281605183,263,278,101,114,166,7.5
91,360.9736842105263,118.07894736842105,1.088880852405626,0.8985617850309098,0.07535027790090673,38.0,5.0,1.0,1.8095238095238095,1.4927053303604616,1.1283791670955126,0.0,1.9544100476116797,359,363,116,120,21,7.809523809523809
92,463.3196721311475,122.96311475409836,4.450751216449408,2.378431194643799,1.3560771377930108,244.0,4.0,2.0,1.983739837398374,4.686510657907603,3.2410224072142872,1.381976597885342,5.527906391541368,457,468,111,130,123,5.983739837398374
93,790.9779411764706,121.38235294117646,2.62415532132207,1.1521382746311444,-0.7716289744718343,136.0,6.0,2.0,2.72,2.7057581899030048,2.1850968611841584,0.7978845608028654,3.523362819972964,787,795,117,125,50,7.72
94,979.5,118.8125,1.5699820858850588,1.5612494995995996,-0.0,64.0,3.0,1.0,1.5609756097560976,2.5231325220201604,1.9544100476116797,0.7978845608028654,3.141274657157109,976,983,116,122,41,5.560975609756097
95,507.9230769230769,114.35897435897436,2.4945727823406294,1.4326839476003899,-0.907122764931469,78.0,3.0,1.0,1.1142857142857143,2.6462837142006137,2.111004122822376,0.7978845608028654,3.523362819972964,504,513,111,120,70,5.114285714285714
96,388.10733452593917,124.08050089445439,4.133165159123872,3.0132415200727025,-1.5038022240928084,559.0,6.0,2.0,2.3991416309012874,5.4700209598571305,4.1841419359420025,1.692568750643269,6.770275002573076,382,397,115,134,233,10.399141630901287
97,117.91775700934579,134.75303738317757,10.223701867369092,7.057142420376777,-0.8822406173239716,4280.0,11.0,4.0,4.592274678111588,9.079772052293041,9.755749892701914,3.6125759969217834,15.23311875578942,99,138,109,155,932,8.592274678111588
98,83.15248984825817,106.92674716819833,14.553315255457132,12.003364658151709,-0.3660024417901456,18716.0,47.0,3.0,6.768896925858951,7.632215220473915,10.71960208740737,3.742410318509555,22.390579955406924,46,142,64,159,2765,9.768896925858952
99,294.38337988826817,116.98184357541899,4.587357683770608,3.387173723315786,-0.18711203964915565,1432.0,11.0,6.0,5.507692307692308,6.530966601401967,5.046265044040321,2.111004122822376,7.715176518808164,284,305,107,125,260,8.507692307692308
100,333.67539682539683,135.17936507936508,11.742414921588564,3.8097069496632607,-0.19758397047993922,1260.0,8.0,2.0,2.7213822894168467,5.781222885281108,6.128667601500942,2.256758334191025,10.280023453913834,318,361,125,147,463,6.721382289416846
101,734.6765957446809,134.01702127659576,3.5677239696814365,1.8612732148831108,-0.39333622473794044,235.0,4.0,2.0,1.8503937007874016,4.787307364817192,3.2410224072142872,1.2615662610100802,5.140011726956917,728,741,129,140,127,5.850393700787402
102,632.5322580645161,132.26612903225808,3.5980722008897037,1.8000210301113917,-0.20200641654343288,124.0,3.0,1.0,1.2783505154639174,3.2897623212397704,2.985410660720923,1.1283791670955126,4.787307364817192,626,640,129,138,97,6.278350515463917
103,458.5735664870323,221.68669743194351,37.098057617784555,31.622753844798698,-0.018228394175857154,619963.0,181.0,9.0,19.743415814782967,18.34267018992237,35.33736950452044,11.65840132267193,72.94209859581818,296,622,66,321,31401,22.743415814782967
104,659.5,139.5,1.8190171877687327,1.5387160422980068,0.0,68.0,3.0,1.0,1.1333333333333333,2.5231325220201604,2.111004122822376,0.7978845608028654,3.431831258788849,656,664,136,143,60,5.133333333333334
105,971.5,134.0,2.422718559261875,1.8852978083187615,-0.0,92.0,3.0,0.0,0.6618705035971223,2.6462837142006137,2.5231325220201604,0.9772050238058398,4.222008245644752,966,982,128,142,139,4.661870503597123
106,444.68279569892474,138.82258064516128,2.528264098991759,1.6436516970614328,0.6152270355567023,186.0,6.0,3.0,2.547945205479452,3.431831258788849,2.5231325220201604,0.9772050238058398,3.8678889139475245,440,450,135,143,73,20.54794520547945
107,27.94407894736842,143.28947368421052,3.166153183997603,2.290655903680435,-0.9902338470595178,304.0,5.0,2.0,2.303030303030303,4.259537945889915,3.431831258788849,1.381976597885342,5.352372348458314,22,34,136,150,132,6.303030303030303
108,680.1636363636363,151.8181818181818,2.808198174003692,1.220881624573521,-1.1699827360469466,55.0,4.0,1.0,0.9016393442622951,1.7841241161527712,1.9544100476116797,0.5641895835477563,3.2897623212397704,677,684,148,159,61,4.901639344262295
109,48.22826086956522,151.0570652173913,3.0748031601724835,2.8701060383332755,-0.613404949399494,368.0,6.0,2.0,2.1149425287356323,4.54864184146723,3.6996385101659595,1.4927053303604616,5.944106103225343,39,56,144,158,174,6.114942528735632
110,807.6208955223881,151.84776119402986,2.7574981287901172,2.5724243258607573,0.9816214828508847,335.0,7.0,2.0,2.2039473684210527,3.477898169151024,3.3377905890622728,1.2615662610100802,5.4115163798060095,801,815,145,159,152,6.203947368421052
111,611.0405405405405,158.7072072072072,3.2139993455790137,1.985748577264974,-1.3720962178538902,222.0,4.0,2.0,2.2653061224489797,4.686510657907603,3.141274657157109,1.2615662610100802,4.853342309955121,606,615,153,167,98,8.26530612244898
112,288.34375,162.578125,2.3596963567921443,1.4013620251801036,-1.333444119904732,64.0,3.0,1.0,0.9411764705882353,2.0342144725641096,2.0342144725641096,0.7978845608028654,3.523362819972964,285,293,158,168,68,4.9411764705882355
113,175.73506493506494,159.65194805194804,3.588079098495921,2.309622834093254,-1.384821324083946,385.0,8.0,2.0,2.138888888888889,3.656366395715726,3.431831258788849,1.2615662610100802,5.556622981616415,165,182,150,170,180,6.138888888888889
114,853.0932203389831,172.63418079096044,4.137861349429609,2.623717746303254,-1.1129774429160038,708.0,11.0,3.0,3.420289855072464,3.8678889139475245,3.742410318509555,1.4927053303604616,6.282549314314218,846,860,160,180,207,12.420289855072463
115,581.7628272251309,153.24293193717278,16.11684421455961,6.562117423831899,-0.6625258133118965,1910.0,7.0,2.0,2.2417840375586855,7.2909362219603215,8.848967849484623,3.431831258788849,13.796713809378915,559,611,124,175,852,6.241784037558685
116,690.4975288303131,170.88138385502472,3.328960760055042,2.5238383164146616,0.0324744956991883,607.0,8.0,4.0,4.529850746268656,5.201570947860099,3.742410318509555,1.4927053303604616,5.808687281605183,682,697,166,177,134,7.529850746268656
117,731.8059071729958,168.56821378340365,4.2635305914527715,2.786171655772664,0.24713228192729247,711.0,8.0,3.0,3.2916666666666665,5.440847306724618,4.296739856991561,1.692568750643269,6.863662517577698,722,741,163,178,216,7.291666666666667
118,372.78504672897196,164.3177570093458,2.2029459304336134,1.5587691759581654,1.5541766568484183,107.0,4.0,1.0,1.5970149253731343,3.0901936161855166,2.256758334191025,0.7978845608028654,3.6996385101659595,370,377,159,171,67,9.597014925373134
119,22.470262793914245,167.43222683264176,8.334125512333022,3.430531740611383,0.10414689447430825,1446.0,10.0,2.0,3.185022026431718,6.383076486422923,5.890312181373172,2.256758334191025,9.82078894558317,8,49,159,178,454,7.185022026431718
120,118.06118143459915,177.46835443037975,6.895789158149519,3.4840342931232517,1.1541182312816023,474.0,5.0,2.0,1.966804979253112,4.51351666838205,4.54864184146723,1.692568750643269,7.797255174810172,110,129,168,192,241,5.966804979253112
121,295.4830508474576,183.24576271186442,2.7210025973356706,2.053694639135295,0.38178030624312503,118.0,4.0,1.0,0.9752066115702479,3.0382538898732494,2.5231325220201604,0.7978845608028654,4.370193722368317,290,303,177,189,121,7.975206611570248
122,224.27822580645162,185.06451612903226,3.375508357923741,2.0350201176336364,-0.9440399976069899,248.0,6.0,1.0,1.7342657342657342,3.656366395715726,3.1915382432114616,1.1283791670955126,5.140011726956917,216,231,178,192,143,7.734265734265734
123,190.60537190082644,201.26652892561984,12.05294820726651,4.7766954339197065,1.3167092553490916,1936.0,7.0,3.0,3.082802547770701,8.848967849484623,7.958873497585845,3.0901936161855166,12.296226898414837,180,204,179,225,628,6.082802547770701
124,711.4715536105033,192.69474835886214,4.265234991537229,2.6519258088081474,-0.5133472117358842,914.0,9.0,5.0,4.994535519125683,5.781222885281108,4.370193722368317,1.7841241161527712,6.651697090182843,703,719,186,200,183,9.994535519125684
125,61.825581395348834,183.54651162790697,3.2486423410129195,2.2048610336271146,-0.5089637894445865,172.0,5.0,1.5,1.6226415094339623,2.111004122822376,3.2410224072142872,1.1283791670955126,5.108953969950291,55,67,178,190,106,5.622641509433962
126,212.49477351916377,166.12855309004217,9.359154899298153,6.431445258056404,1.270542825208531,5453.0,23.0,3.0,5.340842311459354,6.723094811029982,7.611333607551958,2.8209479177387813,14.194722891072566,196,235,136,198,1021,8.340842311459353
127,590.4865771812081,184.7718120805369,8.883335258402763,2.3334906500050976,-0.8922225351874222,298.0,3.0,1.0,1.3244444444444445,5.014626706796775,4.583497844237541,1.692568750643269,7.420755373261929,576,602,173,198,225,8.324444444444444
128,989.0606531881804,181.0746500777605,7.700393338057218,2.2174503420117144,-1.3647952432916373,643.0,6.0,2.0,2.646090534979424,5.917270272703197,4.686510657907603,1.8712051592547776,7.48482063701911,982,996,164,194,243,5.6460905349794235
129,630.2340425531914,209.61386918833728,7.196863648115245,3.5015053861631587,-1.1245959090959294,1269.0,6.0,4.0,3.8454545454545452,9.09728368293446,6.154581744998688,2.5854414729132054,9.114761669619748,621,642,198,223,330,7.845454545454546
130,340.72641509433964,204.3377358490566,4.8077010701447,2.3080911799625796,0.07925105150028536,530.0,6.0,2.0,2.731958762886598,5.527906391541368,4.068428945128219,1.5957691216057308,6.407961869245868,326,350,199,211,194,7.731958762886598
131,607.6595744680851,204.10638297872342,2.2475310861065774,1.5751100292122642,-0.7144496360947659,94.0,3.0,1.0,1.540983606557377,3.0382538898732494,2.326213245840639,0.9772050238058398,3.742410318509555,603,612,200,208,61,5.540983606557377
132,14.829682779456194,218.89425981873111,11.583257407226956,4.614501440994567,-0.8275626657949693,2648.0,9.0,4.0,3.793696275071633,8.812923024107548,8.387281135541944,3.2897623212397704,12.951807210534664,0,33,200,243,698,6.793696275071634
133,848.7294520547945,223.50171232876713,6.456739853519141,2.785293393244844,1.3658604305398365,584.0,9.0,1.0,1.896103896103896,3.1915382432114616,4.1841419359420025,1.4927053303604616,7.069275219628611,838,855,209,240,308,5.896103896103896
134,58.006211180124225,217.03726708074535,2.942945487047191,1.60038961839572,-0.5648780057794371,161.0,5.0,2.0,2.175675675675676,2.7057581899030048,2.6462837142006137,0.9772050238058398,4.222008245644752,53,65,213,221,74,5.175675675675675
135,270.96731234866826,200.7088377723971,12.694696418656418,4.692003003154382,-0.5800495707529644,1652.0,10.0,2.0,2.6905537459283386,6.128667601500942,6.050259243299904,2.256758334191025,11.227230955528665,257,306,176,213,614,6.690553745928339
136,803.0204808548531,209.38379341050756,8.327634646748695,4.761509635961743,-1.051898294610004,1123.0,5.0,2.0,2.4360086767895877,7.715176518808164,6.90988298942671,2.6462837142006137,10.660048281673648,790,815,194,227,461,5.436008676789588
137,689.8499077301619,206.1203608775887,10.339922486902703,9.400689240054726,-0.9873039698845623,4877.0,19.0,4.0,4.631528964862298,5.781222885281108,9.27058084855655,3.0382538898732494,16.02735405955453,665,720,183,226,1053,6.631528964862298
138,891.8440860215054,209.38530465949822,3.5608935280493776,2.382047470753609,-0.542499915828858,558.0,7.0,4.0,3.8482758620689657,4.820437914901168,3.6996385101659595,1.4927053303604616,5.863230142835039,884,899,203,215,145,9.848275862068965
139,669.6083333333333,212.16666666666666,4.140290843299884,1.4207314468101628,1.3333960681925134,120.0,4.0,1.0,1.5584415584415585,3.1915382432114616,2.6462837142006137,0.9772050238058398,4.370193722368317,666,674,206,222,77,6.558441558441558
140,134.20941704035874,215.50807174887893,22.421084343239638,11.359481833422446,-0.03850754036880387,4460.0,10.0,2.0,2.9555997349237906,9.690274321412074,11.32602684669552,4.1841419359420025,18.73755065265258,81,167,196,264,1509,5.955599734923791
141,705.4516129032259,212.37275985663084,4.384789686606598,2.1653590453297933,-0.6498859973015558,279.0,5.0,2.0,2.5833333333333335,4.1073621666150775,3.3377905890622728,1.2615662610100802,5.108953969950291,695,711,206,219,108,8.583333333333334
142,883.3498064818258,148.8512595898241,23.982068849013817,16.161670224872825,1.318390278834025,72603.0,102.0,5.0,11.553628262253342,10.749255261864239,13.968677826861914,4.950743503369154,34.61384710770804,821,942,102,248,6284,13.553628262253342
143,765.5480769230769,216.27564102564102,9.114096106602162,1.9568652913513136,0.017472370650913237,312.0,5.0,1.0,1.5072463768115942,3.431831258788849,4.029119531035698,1.4927053303604616,6.6036697681803656,750,780,211,222,207,5.507246376811594
144,282.34323432343234,221.59075907590758,6.903097030765821,2.3920763900206756,-0.39700768013397625,606.0,6.0,2.0,2.433734939759036,5.808687281605183,4.583497844237541,1.7841241161527712,7.715176518808164,264,292,213,230,249,6.433734939759036
145,343.0268456375839,232.2281879194631,3.8582377853398664,1.456575937426347,1.445351690951691,149.0,5.0,2.0,1.8170731707317074,2.256758334191025,2.763953195770684,0.9772050238058398,4.54864184146723,339,346,224,240,82,8.817073170731707
146,594.936170212766,230.64893617021278,4.169848088450066,1.8118827791277108,-0.5564091719798077,188.0,4.0,2.0,1.88,4.406461512053774,3.141274657157109,1.1283791670955126,4.982787485166879,589,604,225,237,100,7.88
147,190.14444444444445,236.04444444444445,2.676336044216272,1.7071572488346738,1.4182608854457255,90.0,2.0,1.0,0.8181818181818182,4.54864184146723,2.6462837142006137,1.1283791670955126,4.1841419359420025,185,194,230,242,110,4.818181818181818
148,44.083333333333336,235.5,2.7322660517924677,1.4433756729749045,0.0,72.0,2.0,1.0,0.9473684210526315,4.222008245644752,2.4592453796829674,0.9772050238058398,3.9088200952233594,38,51,233,238,76,4.947368421052632
149,304.61475409836066,233.68852459016392,3.780964113866133,2.279601709077183,-0.8519269249712375,488.0,7.0,3.0,3.2533333333333334,4.54864184146723,3.6996385101659595,1.4927053303604616,5.836022431559495,298,311,225,242,150,9.253333333333334
150,560.7173913043479,235.2111801242236,3.2113964018692998,1.7676482205218589,-0.5240235699919955,322.0,7.0,3.0,3.577777777777778,3.6996385101659595,3.0382538898732494,1.1283791670955126,4.720348719413148,555,567,231,240,90,12.577777777777778
151,242.06546275395033,242.4469525959368,7.2510445349436985,2.3825491463437944,-1.360854128417528,443.0,5.0,1.0,1.9429824561403508,4.853342309955121,4.3336224206596095,1.692568750643269,7.334464586120832,236,247,230,255,228,5.942982456140351
152,964.3589743589744,242.60256410256412,1.6793372191172415,1.4704555044742313,0.021991309843359525,78.0,3.0,2.0,1.8571428571428572,2.985410660720923,2.0342144725641096,0.7978845608028654,3.0901936161855166,961,968,240,245,42,5.857142857142857
153,919.1676891615542,240.53987730061348,3.894619373477388,2.74384997755215,-0.04309009464357205,978.0,11.0,5.0,5.229946524064171,5.046265044040321,4.259537945889915,1.692568750643269,6.579524642479541,912,928,234,246,187,11.229946524064172
154,284.751677852349,253.59731543624162,2.3244400088750456,2.057236082925401,1.0632419658712824,149.0,4.0,1.0,1.505050505050505,3.656366395715726,2.7057581899030048,0.9772050238058398,4.406461512053774,280,291,248,259,99,7.505050505050505
155,648.3153153153153,247.82882882882882,4.49854570331971,2.2688932876588592,0.28932433020519754,111.0,2.0,1.0,0.6342857142857142,5.440847306724618,3.431831258788849,1.2615662610100802,5.077706251929807,638,658,241,256,175,4.634285714285714
156,259.9142857142857,252.38571428571427,1.663597818285118,1.4557393286122342,0.07328547891012203,70.0,3.0,1.0,1.4,2.763953195770684,2.0342144725641096,0.7978845608028654,3.0901936161855166,256,263,249,256,50,5.4
157,156.97716894977168,256.39269406392697,3.3412205887660558,2.261704013974906,-0.7063069001496329,219.0,4.0,2.0,2.3297872340425534,5.262410103554244,3.3377905890622728,1.2615662610100802,5.014626706796775,152,164,251,262,94,5.329787234042553
158,329.44593202883624,264.38105046343975,5.274915582194056,3.8210627789117266,-1.1628717430887021,971.0,9.0,3.0,3.5567765567765566,5.140011726956917,4.820437914901168,1.8712051592547776,8.018640596081465,318,338,252,276,273,9.556776556776557
159,698.4459016393442,260.21967213114755,3.3954272715658904,2.6372593856770967,-1.1844775152573868,305.0,4.0,2.0,2.2426470588235294,5.670035141386943,3.7846987830302403,1.4927053303604616,5.753627391751592,693,704,254,270,136,5.242647058823529
160,1003.9189580318379,249.89435600578872,9.05617574662564,2.4236100804460943,0.531968239367963,691.0,6.0,2.0,2.3910034602076125,5.970821321441846,5.292567428401227,2.0342144725641096,8.253382073025046,984,1017,240,259,289,7.391003460207613
161,596.6993263931414,257.24739742804655,8.55767914854774,2.791653540070247,-0.20309308264040607,1633.0,8.0,4.0,3.925480769230769,8.462843753216344,6.231677632421503,2.7057581899030048,9.52461639974967,579,613,248,266,416,7.925480769230769
162,63.976851851851855,250.1435185185185,16.554687043337296,4.120848053548128,-0.37428921231897555,432.0,3.0,1.0,1.08,6.333012368467128,5.753627391751592,2.393653682408596,9.0270333367641,33,81,234,265,400,5.08
163,717.525641025641,252.0448717948718,2.602326595335088,1.752535077320742,1.1751254593845322,156.0,4.0,1.0,1.6082474226804124,3.826519928662906,2.7057581899030048,0.9772050238058398,4.145929793656026,713,723,247,258,97,5.608247422680412
164,756.8227848101266,259.8565400843882,2.78723663574125,1.786612491104238,0.5079684720847157,237.0,5.0,3.0,2.855421686746988,3.9088200952233594,2.876813695875796,1.1283791670955126,4.442433223290478,752,762,256,264,83,5.855421686746988
165,501.9415584415584,267.09090909090907,2.0073824893418193,1.6953819860221537,0.021467819987391026,154.0,5.0,2.0,2.4444444444444446,3.0382538898732494,2.326213245840639,0.9772050238058398,3.656366395715726,497,506,264,271,63,22.444444444444443
166,186.13839285714286,269.68080357142856,10.652968901794607,2.74722268693616,0.3755286091396002,448.0,4.0,2.0,1.7991967871485943,6.886811529393324,5.201570947860099,1.8712051592547776,7.998767850296815,168,203,260,279,249,4.7991967871485945
167,815.3373493975904,269.54819277108436,2.3700291497466903,1.4722218174177035,0.7801643773776751,166.0,6.0,3.0,3.1320754716981134,3.2410224072142872,2.393653682408596,0.9772050238058398,3.6996385101659595,811,819,266,274,53,6.132075471698113
168,367.9501187648456,262.4014251781473,4.858372524295394,2.579804053455163,1.319835456978001,421.0,5.0,3.0,2.7337662337662336,4.982787485166879,4.1841419359420025,1.692568750643269,6.383076486422923,361,374,254,271,154,11.733766233766234
169,253.3956043956044,267.74725274725273,2.429215381110714,1.4896939152855253,0.8867138551560899,91.0,3.0,1.0,1.0705882352941176,2.876813695875796,2.326213245840639,0.9772050238058398,3.7846987830302403,246,258,263,273,85,7.070588235294117
170,718.6428571428571,272.35714285714283,4.0995658235229735,1.5229610627867973,-0.03834692979242173,126.0,3.0,1.0,1.575,3.3377905890622728,2.763953195770684,1.1283791670955126,4.54864184146723,712,726,269,276,80,5.575
171,531.68125,276.35,2.898362992408282,2.057095136775564,-1.407255755404812,160.0,4.0,1.0,1.5686274509803921,3.949327084834294,2.9316150714175193,0.9772050238058398,4.720348719413148,527,537,272,285,102,12.568627450980392
172,300.08196721311475,283.8524590163934,1.730137382235395,1.1988136077703377,-0.5269175091095808,61.0,3.0,2.0,1.7941176470588236,2.5854414729132054,1.8712051592547776,0.7978845608028654,2.8209479177387813,297,303,281,287,34,6.794117647058823
173,256.6710743801653,288.1719008264463,5.072557551330999,4.046120036827719,0.15305193097978392,605.0,8.0,2.0,2.326923076923077,3.6125759969217834,4.61809077155419,1.5957691216057308,7.797255174810172,249,268,279,298,260,7.326923076923077
174,1015.2291666666666,289.96875,3.793224935140925,2.1855664409653257,-0.5527312532241874,96.0,3.0,1.0,1.103448275862069,3.0382538898732494,2.4592453796829674,0.9772050238058398,3.949327084834294,1009,1023,284,295,87,5.103448275862069
175,121.4729862475442,259.64783889980356,15.494136496240294,6.337473359704644,-1.3573294465398575,2036.0,7.0,3.0,2.8879432624113477,8.136857890256438,8.500373177909337,3.1915382432114616,13.243441670776848,100,137,240,300,705,6.887943262411348
176,602.9931113662457,280.04822043628013,5.01476899782897,3.0446552996626655,0.8650572145926344,871.0,9.0,2.0,2.9033333333333333,4.54864184146723,4.61809077155419,1.7841241161527712,7.735777827895049,592,612,269,291,300,6.903333333333333
177,655.0031466331026,302.587791063562,12.103210483501638,8.825809801728273,0.18837112377017629,1589.0,9.0,2.0,2.498427672955975,4.820437914901168,7.54834217738561,2.5854414729132054,12.257335203001883,641,687,280,316,636,5.498427672955975
178,891.9119266055046,287.6330275229358,5.711375036243781,2.3534415023081543,-0.5073438953277608,545.0,7.0,2.0,2.2520661157024793,4.370193722368317,4.259537945889915,1.5957691216057308,6.793742230659745,881,906,280,295,242,6.25206611570248
179,224.8181818181818,284.3459595959596,2.929905316464806,2.4293616100064312,1.031868369926539,396.0,7.0,3.0,3.4434782608695653,4.068428945128219,3.431831258788849,1.381976597885342,5.382025607773058,220,230,278,290,115,6.443478260869565
180,578.950272479564,312.2867847411444,8.004256567037457,6.140256047279617,-1.547093366445079,1468.0,6.0,3.0,2.769811320754717,9.541311620975605,7.225151993843567,2.876813695875796,11.084566571000565,563,591,293,329,530,7.769811320754717
181,106.06382978723404,292.8510638297872,2.1062561332730985,1.3625629573355784,-0.7612602213734418,94.0,3.0,2.0,1.709090909090909,2.985410660720923,2.1850968611841584,0.9772050238058398,3.385137501286538,102,110,289,297,55,8.709090909090909
182,188.50092081031306,292.21178637200734,6.62318977411047,2.5701241004407462,0.47292983630047436,543.0,6.0,2.0,2.728643216080402,5.440847306724618,4.222008245644752,1.692568750643269,6.840435166640879,180,203,284,301,199,5.728643216080402
183,213.53488372093022,300.04651162790697,2.379752488299965,1.2302968938659806,0.16512049709013243,43.0,2.0,1.0,0.7543859649122807,3.3377905890622728,2.0342144725641096,0.7978845608028654,3.0901936161855166,208,218,297,303,57,5.754385964912281
184,988.6800887220611,283.73349257805836,17.543012089321508,6.742130381706484,-1.2865962384717213,5861.0,16.0,5.0,5.6247600767754315,8.79484521425256,10.124020118074668,3.742410318509555,16.361497922884933,976,1019,239,308,1042,6.6247600767754315
185,3.2452830188679247,305.64150943396226,1.94498276891151,1.4108957914384912,0.5349163573805048,53.0,2.0,1.0,0.9814814814814815,3.431831258788849,2.0342144725641096,0.7978845608028654,3.141274657157109,0,7,301,309,54,6.981481481481482
186,511.2298850574713,300.4712643678161,2.0661295656524765,1.4920745009660117,-1.4256936571778336,87.0,4.0,2.0,1.8125,2.876813695875796,2.0342144725641096,0.7978845608028654,3.385137501286538,507,514,296,303,48,10.8125
187,195.26577264207455,355.718961952426,17.030068712067834,14.359963281245287,0.6772480929859951,51751.0,73.0,4.0,11.574815477521808,12.27031279816994,12.716187407449045,4.918490759365935,24.990478120528174,128,275,275,407,4471,14.574815477521808
188,415.29215358931555,298.4106844741235,3.4117969281333482,2.553687350778697,-0.5510903107807795,599.0,8.0,4.0,4.309352517985611,5.201570947860099,3.7846987830302403,1.4927053303604616,5.781222885281108,408,421,292,304,139,11.309352517985612
189,773.5246913580247,299.2253086419753,6.278731779729021,2.1476902346414195,-0.203595479962322,648.0,7.0,3.0,3.392670157068063,5.201570947860099,4.478115991081385,1.692568750643269,6.886811529393324,761,783,293,305,191,6.392670157068062
190,358.0852903772785,358.9676133955066,16.240847706351467,10.484644570654458,1.3855043618656553,11795.0,21.0,4.0,5.334690185436454,10.092530088080641,11.861406733319429,4.442433223290478,21.290215544369623,319,399,300,394,2211,8.334690185436454
191,841.6554192229039,299.91308793456034,4.357508772317297,3.2779144872233097,-1.4915384538237964,978.0,10.0,4.0,3.8503937007874014,5.527906391541368,4.686510657907603,1.7841241161527712,7.420755373261929,834,848,290,313,254,6.850393700787402
192,41.010791366906474,304.2410071942446,3.2460607190113966,2.1562683515178573,-0.8490774269847842,278.0,6.0,2.0,2.1384615384615384,3.742410318509555,3.2410224072142872,1.2615662610100802,5.382025607773058,36,47,298,312,130,6.138461538461539
193,66.59543230016313,297.384176182708,14.222065465693243,3.2600536314240145,-1.1044962999706294,1226.0,7.0,2.0,2.7990867579908674,6.3078313050504,6.432750982580687,2.5231325220201604,10.280023453913834,50,81,278,323,438,5.799086757990867
194,913.0,311.7047619047619,2.5408657693786725,1.3869038451760118,-1.3539383257393434,105.0,4.0,2.0,1.9444444444444444,3.385137501286538,2.326213245840639,0.7978845608028654,3.5682482323055424,909,916,307,318,54,5.944444444444445
195,203.86868686868686,321.44444444444446,1.9441648787780121,1.2852678973359022,0.0655913472542919,99.0,5.0,2.0,1.9038461538461537,2.4592453796829674,1.9544100476116797,0.5641895835477563,2.985410660720923,200,207,318,326,52,6.903846153846154
196,348.3673469387755,310.41326530612247,6.139070339087001,3.3351807033256864,0.04235097449314389,196.0,3.0,1.0,0.8949771689497716,3.6125759969217834,3.8678889139475245,1.381976597885342,6.333012368467128,334,359,303,318,219,6.894977168949771
197,475.64649681528664,319.3343949044586,2.819393862784809,2.1412459993425053,-0.12423258799941844,314.0,6.0,4.0,3.738095238095238,4.686510657907603,3.0901936161855166,1.2615662610100802,4.583497844237541,469,481,314,323,84,7.738095238095238
198,266.4610655737705,315.2172131147541,3.38194781383999,2.5271886311400436,-0.49987233608874343,488.0,8.0,3.0,3.1082802547770703,4.3336224206596095,3.523362819972964,1.381976597885342,5.836022431559495,257,274,308,322,157,8.10828025477707
199,874.6646341463414,320.9817073170732,4.260140812883295,1.7995542160368354,1.1245569072564157,164.0,4.0,1.0,1.3781512605042017,3.9088200952233594,3.0382538898732494,1.1283791670955126,4.950743503369154,868,879,310,327,119,5.378151260504202
200,731.9431818181819,317.2613636363636,2.6437816908484555,2.144287766111142,-0.4223819011636344,176.0,4.0,2.0,1.7777777777777777,4.406461512053774,2.9316150714175193,1.1283791670955126,4.406461512053774,727,739,312,322,99,6.777777777777778
201,747.5211538461539,328.2019230769231,4.38746768094993,2.151757602648029,0.8991068083582618,520.0,7.0,3.0,3.443708609271523,4.720348719413148,3.989422804014327,1.4927053303604616,6.102643417692329,740,754,320,335,151,6.443708609271523
202,814.1411411411411,317.45045045045043,3.097863043741806,2.4341657455811587,0.7247518365618815,333.0,6.0,2.0,2.7295081967213113,4.370193722368317,3.385137501286538,1.381976597885342,5.382025607773058,808,820,311,324,122,5.729508196721311
203,708.5309278350516,310.0631443298969,7.664612479280219,3.8041700736688546,1.468653073823366,776.0,6.0,3.0,2.5953177257525084,6.93287767191607,5.698035485213008,2.1850968611841584,8.611980229936854,700,718,295,327,299,5.595317725752508
204,521.8087341072415,345.6307352128248,10.495767842758731,7.298903275390329,-0.00864172320905621,3618.0,16.0,3.0,4.380145278450363,7.001408606295148,7.527227892173502,2.763953195770684,13.58748446131949,503,554,325,364,826,10.380145278450364
205,833.5159574468086,333.1648936170213,6.847170553302248,1.809690880148266,0.17979858020958916,376.0,7.0,2.0,2.5405405405405403,3.0901936161855166,3.656366395715726,1.2615662610100802,5.836022431559495,823,847,328,338,148,5.54054054054054
206,367.4708994708995,327.25396825396825,2.4435811476998537,1.785247723242786,-0.8778324653579253,189.0,6.0,2.0,2.2771084337349397,3.385137501286538,2.7057581899030048,0.9772050238058398,4.259537945889915,363,372,322,333,83,9.27710843373494
207,606.7869249394673,338.728813559322,6.460839349038374,4.013067845654009,1.005573936086782,1652.0,7.0,4.0,4.268733850129199,8.79484521425256,6.432750982580687,2.7057581899030048,9.706684619910241,596,619,326,352,387,7.268733850129199
208,550.8969696969697,331.09090909090907,2.3065174503409724,1.857141979784008,1.4074192391072327,165.0,5.0,3.0,2.75,3.385137501286538,2.6462837142006137,0.9772050238058398,3.949327084834294,547,554,327,335,60,9.75
209,944.6279926335175,330.3646408839779,3.268298325730184,2.290364300008606,-0.4346262135979248,543.0,10.0,4.0,4.022222222222222,3.989422804014327,3.385137501286538,1.2615662610100802,5.556622981616415,938,951,325,336,135,7.022222222222222
210,428.2705882352941,338.52941176470586,2.5297625478673242,2.0058108659633493,0.4807508910310692,85.0,3.0,1.0,1.0493827160493827,2.6462837142006137,2.393653682408596,0.7978845608028654,3.9088200952233594,423,434,334,343,81,5.049382716049383
211,766.5094339622641,338.7358490566038,1.6344948591051016,1.5169095771568135,-1.3114615917302292,53.0,3.0,1.0,1.325,2.111004122822376,1.8712051592547776,0.5641895835477563,3.0901936161855166,763,770,336,342,40,6.325
212,386.3636363636364,335.1948051948052,2.9979087850900807,1.2266621824012771,-0.6700541705118808,77.0,3.0,1.0,0.9746835443037974,2.4592453796829674,2.256758334191025,0.7978845608028654,3.7846987830302403,379,391,329,341,79,5.974683544303797
213,137.92,333.31666666666666,5.805541997678311,3.043956471779866,0.2478457759495002,300.0,4.0,1.0,1.3574660633484164,4.787307364817192,4.442433223290478,1.4927053303604616,7.399277020331919,124,146,327,342,221,5.357466063348416
214,695.8461538461538,340.14285714285717,1.930496575609972,1.3418400577925258,0.1746747234242116,91.0,5.0,2.0,1.7843137254901962,2.111004122822376,2.0342144725641096,0.7978845608028654,3.1915382432114616,691,701,337,343,51,5.784313725490196
215,881.4207920792079,342.8069306930693,4.090291575682872,2.199397943218139,1.1971474586852953,202.0,4.0,1.0,1.3202614379084967,4.3336224206596095,3.5682482323055424,1.381976597885342,5.698035485213008,875,887,335,352,153,5.3202614379084965
216,58.90425531914894,337.4308510638298,4.130731797128633,1.9766508933310303,-0.5278995225006292,188.0,5.0,1.0,1.46875,2.4592453796829674,3.2897623212397704,1.1283791670955126,5.201570947860099,51,66,332,344,128,6.46875
217,94.4972972972973,338.1378378378378,3.325198032741184,1.9083026585103735,0.3992388156241478,370.0,8.0,3.0,3.5238095238095237,3.989422804014327,3.1915382432114616,1.1283791670955126,5.014626706796775,87,101,334,343,105,6.523809523809524
218,5.846647230320699,331.64489795918365,10.317956889616134,4.782872084677633,1.2228158307129473,1715.0,10.0,3.0,3.4857723577235773,6.154581744998688,6.3078313050504,2.326213245840639,10.674967880691588,0,22,299,350,492,6.485772357723577
219,644.9367816091954,349.44827586206895,3.5014918067258596,1.462209147133198,0.6907930951135423,174.0,4.0,2.0,2.3835616438356166,4.296739856991561,2.876813695875796,1.1283791670955126,4.222008245644752,640,651,345,355,73,5.383561643835616
220,673.2407407407408,347.212962962963,1.7323340882272709,1.6265636412075386,-1.3402136162111782,108.0,5.0,2.0,2.1176470588235294,2.4592453796829674,2.111004122822376,0.7978845608028654,3.431831258788849,669,677,344,351,51,6.117647058823529
221,241.44343891402715,345.26244343891403,6.602237202460845,2.607016111140028,0.9327796469896262,221.0,4.0,1.0,1.4932432432432432,4.3336224206596095,3.523362819972964,1.381976597885342,5.836022431559495,235,250,336,355,148,5.493243243243243
222,478.17931326833406,362.30733361593894,12.894639024672275,5.171839675980302,-1.5636531468858468,2359.0,9.0,3.0,3.1621983914209117,7.653039857325812,8.291859587312052,3.141274657157109,13.146949007195484,464,496,337,388,746,6.162198391420912
223,564.324074074074,351.02777777777777,1.7738177513743179,1.707173582626996,0.2977937669346301,108.0,4.0,2.0,1.7704918032786885,3.2897623212397704,2.1850968611841584,0.7978845608028654,3.477898169151024,560,567,347,355,61,9.770491803278688
224,963.8436087135224,355.455815865187,22.897744676805313,7.504355900899083,0.011563188103386676,4866.0,10.0,3.0,3.2013157894736843,10.778826859036359,11.64474179680661,4.3336224206596095,19.02415150778005,925,1005,335,374,1520,6.201315789473684
225,264.40909090909093,361.27995867768595,6.836898481224353,3.188585683316059,-1.3467136723640594,968.0,9.0,3.0,3.3964912280701753,5.014626706796775,4.820437914901168,1.8712051592547776,8.136857890256438,256,272,343,372,285,6.396491228070175
226,699.4146341463414,361.4146341463415,2.2168862440467905,1.5570803639094715,1.4975503631290104,82.0,3.0,1.0,1.3442622950819672,2.9316150714175193,2.326213245840639,0.7978845608028654,3.6125759969217834,696,703,357,367,61,5.344262295081967
227,53.786209286209285,369.86902286902284,7.842263680573317,4.401434916345912,-1.29670334224038,2886.0,15.0,5.0,5.445283018867925,6.432750982580687,6.90988298942671,2.6462837142006137,11.32602684669552,42,65,351,386,530,7.445283018867925
228,819.4347191830781,353.7563822027717,6.55868454730928,3.0452618649521526,0.7648971373790557,1371.0,10.0,5.0,5.0036496350364965,6.6755811781245455,5.232078956954491,2.0342144725641096,8.253382073025046,804,829,343,363,274,7.0036496350364965
229,36.63846153846154,362.5692307692308,1.8836940939178777,1.5947152344163513,0.5111653201041682,130.0,5.0,3.0,2.6530612244897958,2.876813695875796,2.111004122822376,0.7978845608028654,3.3377905890622728,33,41,359,366,49,6.653061224489796
230,291.7857142857143,360.9795918367347,2.346250408678601,1.8041332013662932,1.1336501536730776,98.0,4.0,1.0,1.3243243243243243,3.141274657157109,2.4592453796829674,0.7978845608028654,3.9088200952233594,288,297,356,366,74,6.324324324324325
231,3.7663551401869158,366.3676012461059,2.546190395156535,2.3100951645738586,1.2416763594807387,321.0,6.0,3.0,2.652892561983471,4.442433223290478,3.141274657157109,1.2615662610100802,4.753945931439391,0,13,361,373,121,6.652892561983471
232,446.2968085106383,375.2,6.5012036366499135,4.83128992773184,0.849155925884809,940.0,9.0,3.0,2.8484848484848486,4.029119531035698,5.440847306724618,1.9544100476116797,8.812923024107548,430,456,368,391,330,5.848484848484849
233,24.0,371.94545454545454,1.9747165810699459,1.416548667334179,0.06744137280812978,55.0,3.0,1.0,1.0377358490566038,2.256758334191025,2.0342144725641096,0.7978845608028654,3.1915382432114616,20,29,369,376,53,5.037735849056604
234,645.75,377.4347826086956,2.8621079826154334,1.5223900762445106,-1.013794807151971,184.0,5.0,2.0,2.6285714285714286,3.141274657157109,2.4592453796829674,0.9772050238058398,3.989422804014327,642,651,372,382,70,5.628571428571429
235,119.04787234042553,373.031914893617,3.1797003360963645,2.2780225943979784,-0.9847892077528629,188.0,3.0,1.0,1.6785714285714286,4.1841419359420025,3.3377905890622728,1.381976597885342,5.4115163798060095,113,124,367,379,112,7.678571428571429
236,515.607421875,388.390625,7.388579355293046,2.480124545397648,1.4228685871223294,512.0,5.0,2.0,2.473429951690821,5.613615477764332,4.478115991081385,1.7841241161527712,6.955796338302048,510,522,373,399,207,9.473429951690822
237,610.0196078431372,373.3058823529412,3.5801672410159844,2.0103221685754535,0.9713495458618682,255.0,5.0,2.0,1.875,3.9088200952233594,3.2897623212397704,1.2615662610100802,5.108953969950291,604,616,364,380,136,5.875
238,972.4058577405858,377.4560669456067,4.339559388890028,1.659417289752872,-0.8939417023791936,239.0,6.0,2.0,2.320388349514563,3.6996385101659595,3.2410224072142872,1.1283791670955126,4.982787485166879,965,979,371,385,103,5.320388349514563
239,674.1413276231264,386.09207708779445,4.348496149346225,2.8743671993540243,-0.0022947820487620326,1401.0,14.0,5.0,5.347328244274809,5.440847306724618,4.51351666838205,1.7841241161527712,7.312732791431452,664,686,379,394,262,12.34732824427481
240,234.58992805755395,379.64028776978415,2.1638178579736844,1.9019628527296188,0.6846696183823302,139.0,4.0,2.0,1.9857142857142858,3.6125759969217834,2.5231325220201604,0.9772050238058398,4.068428945128219,231,239,376,384,70,5.985714285714286
241,416.7485119047619,388.9404761904762,5.476790535044741,4.0684836760883005,1.2527856493246612,672.0,6.0,2.0,2.443636363636364,6.023896332520351,5.140011726956917,1.9544100476116797,8.03846421247924,408,427,380,402,275,5.443636363636363
242,22.734104046242773,393.23121387283237,6.79521514193128,3.6661662611976644,1.1470304923294685,346.0,4.0,2.0,1.7128712871287128,5.753627391751592,4.54864184146723,1.692568750643269,7.269074295019226,13,33,383,409,202,4.712871287128713
243,105.96791979949874,371.03508771929825,14.16449137842961,9.053254383432344,-0.9516546264700297,1995.0,7.0,2.0,2.412333736396614,6.407961869245868,9.062226582657155,3.0901936161855166,14.070847494245605,74,129,348,395,827,5.412333736396614
244,82.195,380.735,3.2006418719386382,2.527378406091064,0.8266484598168596,200.0,4.0,2.0,1.9607843137254901,4.442433223290478,3.0901936161855166,1.1283791670955126,5.014626706796775,77,90,376,391,102,6.96078431372549
245,197.82119205298014,396.99779249448125,5.657358001425661,3.018315119142207,0.5767505198864762,453.0,6.0,2.0,2.6184971098265897,5.232078956954491,4.1073621666150775,1.5957691216057308,6.358093703724522,189,209,388,404,173,7.618497109826589
246,304.3643410852713,391.52713178294573,2.296710149714475,1.737796450039228,0.1726323612802674,129.0,4.0,2.0,1.6753246753246753,3.6996385101659595,2.5231325220201604,0.9772050238058398,3.989422804014327,300,309,388,396,77,6.675324675324675
247,59.564516129032256,396.4516129032258,4.119274003398525,1.930046124550413,-0.7320216773107634,310.0,5.0,2.0,2.540983606557377,4.296739856991561,3.5682482323055424,1.381976597885342,5.440847306724618,52,67,390,403,122,5.540983606557377
248,732.2297297297297,399.75779625779626,4.080411758405627,3.28793659490522,-0.6897837099811647,962.0,11.0,3.0,3.991701244813278,4.259537945889915,4.54864184146723,1.692568750643269,7.527227892173502,723,742,391,407,241,6.991701244813278
249,869.5107212475633,394.3840155945419,4.687594835188718,2.975242615369326,-0.3483309820502492,513.0,6.0,2.0,2.011764705882353,5.499039842323396,4.068428945128219,1.5957691216057308,6.506551687525748,858,882,382,401,255,7.011764705882353
250,934.1986343885785,394.9590316573557,7.33943873856971,4.06613655598718,-1.394838226160625,1611.0,12.0,4.0,4.162790697674419,5.725898905580716,5.863230142835039,2.1850968611841584,9.557977680176279,924,944,376,411,387,7.162790697674419
251,989.3362068965517,391.8965517241379,1.9528012953803378,1.4805879989271697,0.6587509235168902,116.0,6.0,2.0,2.4166666666666665,2.4592453796829674,2.111004122822376,0.7978845608028654,3.3377905890622728,985,993,388,395,48,6.416666666666667
252,545.1152416356878,386.3432465923172,6.361989424363631,4.340374316054724,-1.3905200042120796,807.0,6.0,2.0,2.408955223880597,6.746726148605861,5.527906391541368,2.111004122822376,8.83096382707056,535,555,369,401,335,6.408955223880597
253,788.1440677966102,394.06174334140434,6.043041215091516,2.598088395464898,-0.312098186858252,826.0,8.0,3.0,3.1526717557251906,5.753627391751592,4.787307364817192,1.8712051592547776,7.653039857325812,773,799,386,401,262,7.152671755725191
254,626.3097345132743,399.0619469026549,3.746742176704397,1.0577274422357725,0.8129510457838436,113.0,4.0,2.0,2.017857142857143,3.523362819972964,2.393653682408596,0.9772050238058398,3.6996385101659595,621,631,394,404,56,5.017857142857143
255,316.61137440758296,403.5260663507109,2.5193571199575886,1.8997237434950573,0.09425925085308412,211.0,5.0,3.0,2.7051282051282053,3.5682482323055424,2.763953195770684,1.1283791670955126,4.296739856991561,312,324,400,407,78,6.705128205128205
256,454.915625,404.421875,2.4844472509481066,2.010578076334721,-1.3484497297231248,320.0,7.0,3.0,3.404255319148936,3.7846987830302403,2.876813695875796,1.1283791670955126,4.478115991081385,450,460,400,410,94,13.404255319148936
257,505.54007835968247,508.13971629002845,43.276559899256824,35.4231432723108,-1.3234040259247415,901484.0,116.0,13.0,23.70641912325453,37.85960139100264,45.91477296247087,17.39864080210822,79.28419535038176,360,630,282,667,38027,26.70641912325453
258,1017.8286713286714,403.33216783216784,3.6934196671575186,2.636234323935796,0.5879791337127588,572.0,7.0,4.0,3.9722222222222223,5.262410103554244,3.949327084834294,1.692568750643269,5.890312181373172,1010,1023,397,411,144,6.972222222222222
259,97.56656912948061,414.789685442575,7.973764737775577,5.39314661273446,-0.05651168145779862,2734.0,12.0,5.0,5.0912476722532585,7.898654169668588,7.046725639945928,2.8209479177387813,11.368105109938904,76,111,403,428,537,8.091247672253258
260,662.8945497630332,413.00266587677726,17.35450895221643,7.1781906218829095,-0.8713307191018245,3376.0,8.0,3.0,3.1521942110177403,10.954580187815921,10.060941497019325,3.742410318509555,15.987583888930306,640,695,377,441,1071,6.152194211017741
261,478.37359550561797,404.2991573033708,3.5095839319229927,2.593225664406097,-0.577082997159204,712.0,10.0,5.0,4.623376623376624,5.014626706796775,3.826519928662906,1.4927053303604616,5.970821321441846,472,486,398,411,154,8.623376623376624
262,827.7235772357724,408.3008130081301,2.696371920747976,1.7112960331361728,0.8240736689665848,123.0,5.0,1.0,1.430232558139535,2.326213245840639,2.393653682408596,0.7978845608028654,3.949327084834294,824,835,403,416,86,10.430232558139535
263,926.887456216828,476.28799767509446,17.27778623876059,14.305063902130554,-0.3092780575082442,130758.0,131.0,6.0,18.344276094276093,13.231418571003069,16.07692842495848,5.890312181373172,31.397543176356965,867,1023,407,543,7128,21.344276094276093
264,159.7507788161994,427.26479750778816,8.6815001345904,3.7112625610005354,0.34338770831525234,321.0,4.0,1.0,1.130281690140845,5.4115163798060095,4.61809077155419,1.7841241161527712,7.377736139048903,141,172,416,443,284,5.130281690140845
265,206.83064516129033,428.9032258064516,2.782035828178107,1.5876452505523921,1.3505566783664695,124.0,4.0,1.0,1.7222222222222223,3.3377905890622728,2.5854414729132054,0.9772050238058398,4.259537945889915,204,210,422,434,72,11.722222222222221
266,617.875,420.70454545454544,2.466740424731805,1.561176892141164,-0.6701903498175817,88.0,3.0,1.0,1.375,2.6462837142006137,2.1850968611841584,0.7978845608028654,3.7846987830302403,612,622,417,426,64,5.375
267,265.4746309180384,411.6117427456304,8.972932186427618,7.85714768798412,1.2067654251910584,5893.0,16.0,4.0,5.205830388692579,9.557977680176279,9.373021315815206,3.5682482323055424,15.563862739881277,247,288,389,439,1132,9.20583038869258
268,9.461538461538462,428.71597633136093,4.247212102217552,3.035108047695764,1.5425233006937,338.0,5.0,2.0,2.1392405063291138,4.1841419359420025,3.742410318509555,1.381976597885342,6.257165172872317,0,15,418,435,158,9.139240506329115
269,74.31746031746032,432.2142857142857,3.198502210502463,1.8569547690523753,0.8956528565922501,252.0,5.0,2.0,2.5454545454545454,3.826519928662906,3.0382538898732494,1.2615662610100802,4.753945931439391,68,79,427,438,99,7.545454545454546
270,861.0,437.27142857142854,3.6339195447898165,1.7544509482345876,-0.7400855520551594,70.0,2.0,1.0,0.8974358974358975,4.029119531035698,2.326213245840639,0.9772050238058398,3.6996385101659595,856,869,426,441,78,4.897435897435898
271,707.4581589958159,427.88912133891216,3.1785258281208386,2.548500245048435,1.2947473650442076,478.0,8.0,2.0,2.7471264367816093,3.989422804014327,3.477898169151024,1.2615662610100802,5.863230142835039,701,714,419,436,174,6.747126436781609
272,740.1176470588235,435.30882352941177,3.165189812090347,2.0555538978907704,-0.9090826360576938,136.0,3.0,2.0,1.8133333333333332,3.826519928662906,2.8209479177387813,1.1283791670955126,4.370193722368317,735,744,428,439,75,4.8133333333333335
273,991.984771573604,423.7309644670051,4.96933707163962,2.5124894571458753,-0.7912600991267743,591.0,7.0,3.0,3.0463917525773194,4.886025119029199,4.068428945128219,1.5957691216057308,6.555290583552474,985,1006,412,434,194,9.04639175257732
274,280.77639751552795,431.2298136645963,3.1018096266147035,1.6892614955305252,-0.39205011356036856,161.0,4.0,2.0,2.090909090909091,4.1073621666150775,2.8209479177387813,1.1283791670955126,4.3336224206596095,273,286,427,435,77,9.090909090909092
275,1001.8,444.5103448275862,2.7045951170241302,1.6953962906940303,-1.2489686522234447,145.0,4.0,2.0,1.9863013698630136,3.6996385101659595,2.5854414729132054,0.9772050238058398,4.1841419359420025,997,1006,440,450,73,7.986301369863014
276,961.347521982414,423.44904076738607,8.06994233552932,5.54763404207138,0.9572783480748603,5004.0,21.0,6.0,7.018232819074334,6.154581744998688,7.715176518808164,2.763953195770684,12.927207364566026,947,978,409,444,713,11.018232819074333
277,259.8795620437956,443.85036496350364,2.6283319052662697,1.780944628981674,0.7167289314634803,274.0,7.0,3.0,3.4683544303797467,3.477898169151024,2.763953195770684,0.9772050238058398,4.296739856991561,256,266,439,449,79,8.468354430379748
278,44.03197536712459,446.72193273330174,23.315731204563455,6.489845008849694,0.5388148264278962,4222.0,14.0,3.0,3.3217938630999213,5.322553886092406,10.852403323135505,3.523362819972964,17.498974555922032,0,77,413,472,1271,6.321793863099922
279,327.6029411764706,442.7549019607843,3.3010672276812003,2.057490125334532,0.7651290059186417,204.0,4.0,2.0,2.04,4.820437914901168,3.2897623212397704,1.2615662610100802,4.950743503369154,321,333,437,448,100,5.04
280,758.8402203856749,427.6712580348944,12.226899302284869,2.9236069732902776,1.4588373219028434,1089.0,6.0,2.0,2.5325581395348835,7.837972188868215,6.457444935117649,2.393653682408596,10.076748170547344,751,767,406,454,430,5.532558139534884
281,208.92167695807603,431.6028599285018,12.20628492835063,8.27029864246043,1.0527383625190212,3077.0,10.0,4.0,4.001300390117035,9.338999347593866,8.991702346646203,3.2410224072142872,13.842779759955802,187,231,413,450,769,8.001300390117034
282,782.800518134715,444.4365284974093,3.7929098976958073,2.600082185126089,0.4914141013493887,772.0,9.0,5.0,4.825,5.170882945826411,4.1073621666150775,1.692568750643269,6.231677632421503,775,790,439,451,160,8.825
283,100.21987066431511,468.2433862433862,9.000585166987532,3.0010863447075184,-1.0785778042740108,1701.0,12.0,4.0,4.791549295774648,6.3078313050504,5.808687281605183,2.256758334191025,9.149617481968136,91,112,452,486,355,7.791549295774648
284,156.5981981981982,460.7441441441442,4.045380826825969,3.426561015412375,1.4996563569821322,555.0,5.0,3.0,3.0,5.781222885281108,4.406461512053774,1.8712051592547776,6.840435166640879,149,164,453,473,185,6.0
285,229.2648514851485,457.66089108910893,3.471895602439013,2.129102390879782,0.3191808605075097,404.0,9.0,3.0,3.2845528455284554,3.0901936161855166,3.2410224072142872,1.1283791670955126,5.201570947860099,223,237,453,463,123,9.284552845528456
286,389.28238583410996,445.735321528425,13.07682112196513,6.5550063714624835,0.9378585010022357,2146.0,7.0,3.0,2.935704514363885,8.722159296752494,8.272643200907131,3.2897623212397704,13.219384536161321,372,410,423,467,731,5.935704514363885
287,606.5868613138687,453.9270072992701,6.937772727659719,2.6902199672862332,1.5513955998092386,685.0,7.0,3.0,3.4771573604060912,5.014626706796775,4.51351666838205,1.692568750643269,7.024103669400641,599,613,444,469,197,7.477157360406092
288,816.9919932250366,435.11586727230736,17.575496760569457,12.325682037186606,-1.338644359796666,12989.0,20.0,4.0,4.903359758399396,10.202319970580199,13.727325035155395,4.787307364817192,24.22732816723524,774,854,389,487,2649,7.903359758399396
289,2.10752688172043,476.7032258064516,8.672525659029946,1.6846956329410376,1.4625411301065507,465.0,6.0,3.0,3.206896551724138,5.322553886092406,3.7846987830302403,1.4927053303604616,5.890312181373172,0,7,456,487,145,7.206896551724138
290,1012.40625,462.4625,2.6670368166797807,1.666349094886572,-0.33617184928546345,160.0,6.0,2.0,2.0253164556962027,2.4592453796829674,2.4592453796829674,0.7978845608028654,4.370193722368317,1007,1019,458,466,79,7.025316455696203
291,758.3636363636364,466.280303030303,2.2548648031787373,2.0226584392645246,-0.25895670696474404,132.0,4.0,2.0,1.7837837837837838,3.6996385101659595,2.6462837142006137,1.1283791670955126,4.1841419359420025,754,763,462,471,74,5.783783783783784
292,725.0636604774536,461.79487179487177,6.023545368170454,4.652147613212959,1.216149754035865,2262.0,11.0,5.0,5.285046728971962,7.653039857325812,6.555290583552474,2.5854414729132054,10.233472165128859,711,736,446,474,428,7.285046728971962
293,810.5577689243028,466.8685258964143,5.614392245802949,1.4865964663410067,0.8993849065736649,251.0,5.0,2.0,1.6622516556291391,3.523362819972964,3.3377905890622728,1.2615662610100802,5.352372348458314,802,818,457,475,151,10.66225165562914
294,591.7325581395348,468.06976744186045,2.3665053981555215,1.5730296712422638,1.195886216068888,86.0,3.0,1.0,1.0886075949367089,3.0382538898732494,2.393653682408596,0.7978845608028654,3.6996385101659595,588,597,463,473,79,8.08860759493671
295,655.8833992094861,477.9552042160738,12.25493346884307,4.195716097484324,-0.7683036014757704,1518.0,9.0,2.0,2.8804554079696394,5.201570947860099,6.579524642479541,2.393653682408596,11.127557940783529,637,679,464,503,527,5.88045540796964
296,697.0212765957447,471.4468085106383,2.659916782710174,2.2442836068440837,-1.0930960751984087,141.0,4.0,1.0,1.5,3.477898169151024,2.8209479177387813,1.1283791670955126,4.686510657907603,692,702,466,478,94,5.5
297,349.4830508474576,476.7118644067797,7.086447009883199,2.4134343987255447,-1.3247318434775521,354.0,4.0,2.0,1.7969543147208122,6.723094811029982,5.014626706796775,1.7841241161527712,7.1141599576634995,342,355,464,494,197,4.7969543147208125
298,299.4408914728682,482.49321705426354,5.772326504202536,3.762107267030324,-0.01959152073585206,1032.0,7.0,4.0,3.836431226765799,6.93287767191607,5.440847306724618,2.1850968611841584,8.214724333230155,288,310,474,490,269,6.836431226765799
299,145.70754716981133,482.04716981132077,2.6851580333954765,1.6666266482932302,0.4090724633837105,106.0,3.0,1.0,1.6307692307692307,3.1915382432114616,2.4592453796829674,0.9772050238058398,3.989422804014327,140,150,478,486,65,6.630769230769231
300,850.0833333333334,484.47549019607845,3.5624270242551437,1.6796357834587,-0.1754677556899388,204.0,6.0,2.0,2.241758241758242,3.385137501286538,3.0382538898732494,0.9772050238058398,4.652426491681278,844,857,481,488,91,5.241758241758242
301,16.894187779433683,499.5678092399404,15.283861070018283,6.718670159620517,-0.6252246384465668,4026.0,15.0,4.0,4.67595818815331,5.836022431559495,8.758577656805558,2.9316150714175193,14.27299292922217,0,48,475,522,861,7.67595818815331
302,439.5204513399154,483.96897038081806,5.236017978710488,3.6344242028809304,1.0835310222226664,3545.0,21.0,10.0,10.15759312320917,6.955796338302048,5.556622981616415,2.326213245840639,8.758577656805558,431,450,472,494,349,46.15759312320917
303,1011.9122807017544,479.43859649122805,2.740167993834373,1.6505048761142056,-0.9668465844951661,171.0,5.0,2.0,2.28,3.1915382432114616,2.7057581899030048,0.9772050238058398,4.145929793656026,1007,1016,474,485,75,6.28
304,239.56177606177607,479.5135135135135,4.426891996438867,2.5261143754106947,-0.7143054511523812,518.0,5.0,3.0,3.0292397660818713,5.917270272703197,4.296739856991561,1.7841241161527712,6.506551687525748,233,247,473,487,171,8.029239766081872
305,322.8306451612903,486.5725806451613,2.8624750908992587,1.8917555221138167,0.10746202288487593,124.0,3.0,1.0,1.117117117117117,3.826519928662906,3.0382538898732494,1.2615662610100802,4.478115991081385,317,329,481,491,111,5.117117117117117
306,719.2983193277311,496.75,5.555242017547919,2.1376913898682046,0.7374447200141359,476.0,5.0,3.0,2.6741573033707864,5.585191925620057,4.259537945889915,1.692568750643269,6.4820448144285745,711,729,489,506,178,5.674157303370786
307,754.8315098468271,503.6214442013129,3.5042044882775136,2.585021603827706,1.2309659731825677,457.0,7.0,2.0,2.405263157894737,3.989422804014327,3.742410318509555,1.4927053303604616,6.023896332520351,748,762,495,511,190,6.405263157894737
308,999.528695652174,500.8991304347826,3.804075706076788,2.3673892058281685,0.9521441493070011,575.0,9.0,3.0,3.3625730994152048,3.989422804014327,3.6125759969217834,1.381976597885342,5.917270272703197,989,1005,490,510,171,7.362573099415204
309,844.504761904762,505.8,2.6444455782425744,2.0065913179864965,0.6564499709738759,105.0,3.0,1.0,1.0606060606060606,2.7057581899030048,2.6462837142006137,0.9772050238058398,4.478115991081385,838,851,499,511,99,8.06060606060606
310,707.5375,506.5875,1.8924623489209536,1.486446688541058,-0.07557131364997552,80.0,3.0,2.0,1.6666666666666667,2.985410660720923,2.1850968611841584,0.7978845608028654,3.3377905890622728,704,711,503,510,48,5.666666666666667
311,299.85,506.6625,2.0907838983413267,1.2766034781508115,-0.5979547664122284,80.0,3.0,2.0,1.6666666666666667,3.0901936161855166,2.1850968611841584,0.7978845608028654,3.1915382432114616,296,304,504,510,48,8.666666666666666
312,874.4662004662005,498.039627039627,3.6625542207889903,2.3236646564266192,-1.4766134600030172,429.0,6.0,3.0,3.2748091603053435,5.170882945826411,3.742410318509555,1.4927053303604616,5.808687281605183,870,879,490,506,131,6.2748091603053435
313,982.4591194968554,509.65408805031444,3.972399397443991,2.479829693577154,-0.09177977974831543,477.0,6.0,3.0,2.7413793103448274,5.556622981616415,3.989422804014327,1.5957691216057308,6.154581744998688,974,991,502,515,174,6.741379310344827
314,109.60714285714286,504.875,4.704202897938553,2.3077073818707454,-1.2051119371675811,560.0,8.0,3.0,3.3734939759036147,4.583497844237541,3.742410318509555,1.4927053303604616,6.128667601500942,104,117,495,512,166,6.373493975903615
315,630.4612403100775,511.1860465116279,2.614079872916353,2.102196586866877,0.42716918084837713,258.0,6.0,3.0,2.774193548387097,3.989422804014327,2.985410660720923,1.1283791670955126,4.61809077155419,625,635,506,516,93,6.774193548387097
316,736.0646766169154,516.5771144278607,3.2573144670204575,1.8802248269740498,-0.30773414861462156,201.0,5.0,2.0,2.3372093023255816,3.385137501286538,2.985410660720923,1.1283791670955126,4.51351666838205,728,742,512,521,86,6.337209302325581
317,200.90149253731343,517.0895522388059,2.5997030969708432,2.310895582749264,-0.6681022152759234,335.0,7.0,3.0,3.3168316831683167,3.6996385101659595,3.0901936161855166,1.2615662610100802,4.886025119029199,195,207,512,523,101,6.316831683168317
318,328.22857142857146,512.2285714285714,1.6775832957889885,1.637444499771503,-0.785398163725536,70.0,4.0,1.0,1.1864406779661016,2.5231325220201604,2.0342144725641096,0.5641895835477563,3.3377905890622728,324,332,508,516,59,5.186440677966102
319,849.6376366120219,515.6209016393443,20.628324861256704,5.226965279801077,0.4645122556094136,2928.0,8.0,3.0,3.2353591160220994,10.124020118074668,9.507891862878783,3.523362819972964,15.10722305368455,812,879,494,533,905,6.235359116022099
320,132.66101694915255,523.5254237288135,4.244607234197123,1.7657161585966081,-0.5482237184900925,118.0,5.0,1.5,1.6857142857142857,2.111004122822376,2.4592453796829674,0.7978845608028654,4.029119531035698,128,141,518,527,70,7.685714285714286
321,670.7411764705882,526.7911764705882,6.423494905374605,2.064090418572329,0.7789970965952814,340.0,3.0,2.0,1.5454545454545454,6.023896332520351,4.442433223290478,1.8712051592547776,6.817128675830715,660,679,518,538,220,5.545454545454546
322,264.7037699057524,499.2373253168671,9.954628427202216,7.581187949372047,0.7909031059477506,12308.0,34.0,6.0,8.692090395480227,8.214724333230155,9.739422266375435,3.5682482323055424,17.325305846400365,242,288,476,527,1416,11.692090395480227
323,161.2406015037594,521.8045112781955,3.2671267823515207,1.9458079662469612,-0.7671736496021939,133.0,3.0,1.0,1.2201834862385321,3.3377905890622728,3.0901936161855166,1.1283791670955126,4.982787485166879,156,168,516,527,109,5.220183486238532
324,601.8083067092651,524.6230031948882,5.480836667789618,1.6840040413800643,0.7102464562216758,313.0,5.0,2.0,2.4453125,3.949327084834294,3.3377905890622728,1.381976597885342,5.440847306724618,591,609,515,531,128,17.4453125
325,646.4027777777778,541.5972222222222,3.953945921643009,1.8721150432247347,1.5520725908900521,216.0,5.0,2.0,1.728,2.9316150714175193,3.385137501286538,1.2615662610100802,5.4115163798060095,642,650,532,551,125,5.728
326,69.29361563118887,532.64441903673,16.95341240780419,13.678915283700052,-0.24380357841786546,48979.0,101.0,4.0,11.200320146352619,9.062226582657155,11.24139781410501,4.068428945128219,28.11340334065501,4,127,494,586,4373,13.200320146352619
327,322.8,538.8411764705883,2.3491729452045655,2.138921478083374,-0.07760989016242405,170.0,4.0,1.0,1.7171717171717171,3.9088200952233594,2.763953195770684,1.1283791670955126,4.51351666838205,317,328,534,543,99,5.717171717171717
328,894.601786264244,553.5472744071451,11.731050459846443,8.009549942719557,0.4807152880002023,3247.0,11.0,3.0,3.673076923076923,6.506551687525748,9.0270333367641,3.1915382432114616,14.57095378088162,869,922,534,576,884,7.673076923076923
329,995.7533185840708,536.4115044247787,6.763125042180039,2.868056573953451,1.4876493395952823,904.0,9.0,2.0,3.2170818505338077,4.61809077155419,4.652426491681278,1.7841241161527712,8.136857890256438,988,1003,526,551,281,6.217081850533808
330,248.2077922077922,534.9350649350649,3.586377898228196,1.5624176002209325,0.6907426777244009,154.0,5.0,1.0,1.4666666666666666,2.256758334191025,2.876813695875796,0.9772050238058398,4.54864184146723,241,255,530,542,105,5.466666666666667
331,382.14852675886954,552.3950691521347,11.240816298555213,4.993188797206288,1.2130565403407692,1663.0,8.0,2.0,2.389367816091954,6.457444935117649,7.817640190446719,2.8209479177387813,12.552425807826008,371,399,531,578,696,6.389367816091954
332,710.9856115107914,533.5539568345324,2.7414483100828977,2.230683104106204,0.5820718528396622,139.0,3.0,1.0,1.094488188976378,3.477898169151024,3.0382538898732494,1.1283791670955126,4.918490759365935,704,718,528,542,127,5.094488188976378
333,790.6677740863787,536.126245847176,2.7295097700383883,2.2364117316363212,0.5566384042434663,301.0,6.0,2.0,2.617391304347826,4.222008245644752,3.141274657157109,1.2615662610100802,4.982787485166879,785,796,531,542,115,7.6173913043478265
334,761.5079365079365,534.8783068783068,2.9448021014494015,2.0707815201610806,0.5382670144683315,189.0,5.0,2.0,2.076923076923077,3.0901936161855166,2.9316150714175193,1.1283791670955126,4.753945931439391,756,767,531,543,91,5.076923076923077
335,339.9212598425197,540.9212598425197,3.373522013120431,2.276346272376753,-1.4628965662548052,254.0,3.0,3.0,2.2882882882882885,5.292567428401227,3.656366395715726,1.5957691216057308,5.232078956954491,336,344,534,547,111,5.288288288288288
336,172.90657439446366,551.7151095732411,5.496840332322398,2.797147930671892,1.3331384199016403,867.0,10.0,3.0,3.5387755102040814,4.652426491681278,4.54864184146723,1.692568750643269,7.48482063701911,166,180,537,562,245,6.538775510204082
337,137.24056603773585,553.7405660377359,3.826994581629968,1.7273249416242602,-0.822643495588057,212.0,4.0,2.0,1.8434782608695652,4.583497844237541,3.141274657157109,1.2615662610100802,5.014626706796775,130,143,547,559,115,5.843478260869565
338,89.296875,552.1328125,2.582071798064518,1.2992570199381708,-0.8705581143713228,128.0,5.0,2.0,2.206896551724138,2.7057581899030048,2.256758334191025,0.7978845608028654,3.742410318509555,85,93,548,557,58,12.206896551724139
339,676.5434782608696,553.2445652173913,2.2490438184723005,1.94899401197181,0.9762674959739938,184.0,5.0,3.0,2.7058823529411766,3.3377905890622728,2.6462837142006137,0.9772050238058398,4.1073621666150775,673,681,548,557,68,5.705882352941177
340,221.04347826086956,551.8405797101449,1.6266101432205098,1.585950835021559,-0.44852995227308246,69.0,4.0,2.0,1.6046511627906976,2.6462837142006137,1.9544100476116797,0.5641895835477563,3.141274657157109,217,224,548,555,43,5.604651162790698
341,422.73977695167287,552.0371747211896,5.436400489063784,1.7129134670558308,0.7594010943530592,269.0,5.0,3.0,2.89247311827957,4.1841419359420025,3.2897623212397704,1.2615662610100802,4.982787485166879,414,429,544,558,93,18.892473118279568
342,858.2924528301887,555.1415094339623,3.047861475146513,1.5904449542053183,-1.3725115729177824,106.0,2.0,1.0,1.0,4.720348719413148,2.876813695875796,1.2615662610100802,4.3336224206596095,854,862,548,562,106,7.0
343,829.8147208121827,544.0989847715736,5.6168061728350605,2.7365270560537422,-1.156089745481378,394.0,4.0,2.0,2.201117318435754,6.579524642479541,4.370193722368317,1.692568750643269,6.627726932618989,824,838,536,557,179,5.201117318435754
344,877.3170103092783,555.0592783505155,3.3267195507924434,2.4723334577117417,1.1954273891421763,388.0,8.0,2.0,2.7132867132867133,3.5682482323055424,3.2410224072142872,1.2615662610100802,5.440847306724618,872,885,546,562,143,11.713286713286713
345,1009.9134615384615,561.1298076923077,5.276428097522777,1.752845569137107,-1.3224065974607522,208.0,3.0,1.0,1.2682926829268293,4.886025119029199,3.8678889139475245,1.381976597885342,5.753627391751592,1005,1016,552,571,164,5.2682926829268295
346,322.54237288135596,566.2005649717514,5.713225578996031,1.9497422884471856,0.7399300254773057,354.0,4.0,2.0,2.269230769230769,6.128667601500942,4.029119531035698,1.5957691216057308,6.128667601500942,312,330,556,575,156,5.269230769230769
347,912.8391959798995,565.5226130653266,4.017926217938744,2.0198761406542696,0.27076760372694697,199.0,5.0,1.0,1.6446280991735538,3.0382538898732494,2.985410660720923,1.1283791670955126,4.982787485166879,902,919,561,571,121,10.644628099173554
348,708.7587939698492,573.2914572864322,2.771872238796989,2.023164497262149,-1.3648472574223485,199.0,4.0,2.0,2.1868131868131866,4.51351666838205,3.0382538898732494,1.1283791670955126,4.686510657907603,705,713,568,580,91,6.186813186813187
349,691.5,566.5862068965517,1.6531057500038153,1.450736825358604,0.0,58.0,3.0,1.0,1.2340425531914894,2.256758334191025,1.9544100476116797,0.5641895835477563,3.1915382432114616,688,695,563,570,47,5.23404255319149
350,12.922077922077921,574.5584415584416,4.818266608810827,1.5828263015685253,-1.2851447130058653,154.0,3.0,1.0,1.5555555555555556,3.949327084834294,3.2897623212397704,1.2615662610100802,5.077706251929807,9,18,568,583,99,6.555555555555555
351,639.2241379310345,570.3448275862069,2.316040791365558,1.4024304533334713,-1.5632708602677605,58.0,2.0,1.0,0.9354838709677419,3.6996385101659595,2.111004122822376,0.7978845608028654,3.431831258788849,636,642,565,575,62,4.935483870967742
352,252.33870967741936,572.9139784946236,9.378709494520663,2.3505767705400102,0.20162702335613392,186.0,4.0,1.0,0.8732394366197183,2.8209479177387813,4.442433223290478,1.381976597885342,6.6036697681803656,236,268,565,582,213,4.873239436619718
353,52.37763371150729,571.773095623987,4.281928810528209,2.4595932599607426,-0.26334260078220906,617.0,7.0,3.0,3.566473988439306,5.046265044040321,4.068428945128219,1.5957691216057308,6.530966601401967,43,62,565,577,173,8.566473988439306
354,954.9246851385391,641.9570528967255,23.14040676617302,7.85303146905109,1.460364771869875,7940.0,28.0,3.0,5.591549295774648,7.756324418739616,8.19532708223289,3.0901936161855166,16.708015147921802,931,971,555,670,1420,8.591549295774648
355,310.7079207920792,575.2574257425742,4.896676638664263,2.041570308045029,0.7813804490662638,404.0,6.0,3.0,2.573248407643312,5.014626706796775,3.8678889139475245,1.4927053303604616,5.970821321441846,304,321,568,583,157,6.573248407643312
356,364.6264775413712,584.6193853427895,4.463284602394542,2.6975866097807883,0.4315060171101638,423.0,6.0,2.0,2.389830508474576,4.3336224206596095,3.9088200952233594,1.4927053303604616,6.383076486422923,357,375,577,591,177,6.389830508474576
357,1018.9322580645161,588.3806451612903,3.8127299316448418,2.427144436306377,1.490233379035998,310.0,5.0,2.0,2.052980132450331,4.259537945889915,3.742410318509555,1.381976597885342,5.808687281605183,1013,1023,580,596,151,6.052980132450331
358,603.4555160142348,577.3167259786477,5.906896548007634,1.6337351035334209,-0.10983742817417955,281.0,4.0,2.0,2.1782945736434107,5.352372348458314,3.6125759969217834,1.4927053303604616,5.585191925620057,592,614,573,582,129,8.178294573643411
359,944.7637051039698,585.882797731569,7.326487085209546,2.551860996741769,-1.2093198603200472,529.0,7.0,1.0,1.7811447811447811,3.8678889139475245,4.54864184146723,1.692568750643269,7.399277020331919,936,956,573,599,297,7.781144781144781
360,199.76041666666666,588.5,2.3574443597470442,1.3615454150006094,-1.1417815527167248,96.0,5.0,2.0,1.92,2.4592453796829674,2.111004122822376,0.7978845608028654,3.1915382432114616,196,203,584,592,50,6.92
361,625.2330827067669,584.9624060150376,2.7950203737129002,1.3138132352002576,-1.3637619070126912,133.0,4.0,2.0,2.418181818181818,3.9088200952233594,2.4592453796829674,0.9772050238058398,3.742410318509555,622,628,580,591,55,5.418181818181818
362,790.1150097465887,584.2651072124756,4.140752677596402,2.9020217627816884,0.07860773535839168,513.0,5.0,3.0,2.6580310880829017,5.556622981616415,4.478115991081385,1.7841241161527712,6.863662517577698,782,799,578,591,193,5.658031088082901
363,743.1372453928225,615.0664403491755,14.909053767141344,6.806773881898112,1.4676101828510693,2062.0,6.0,2.0,2.443127962085308,11.213046198183495,9.507891862878783,3.656366395715726,14.295277084757526,729,768,592,651,844,5.443127962085308
364,290.125,588.125,3.1440480961759882,1.7321599913413483,0.12615899044312565,96.0,2.0,1.0,0.9142857142857143,4.787307364817192,2.7057581899030048,1.1283791670955126,4.442433223290478,284,296,584,593,105,4.914285714285715
365,831.1726872246696,582.2511013215859,10.14244375718725,3.6333121907797574,0.46526280385946645,1135.0,8.0,2.0,2.6091954022988504,5.262410103554244,6.746726148605861,2.4592453796829674,10.448937312523231,813,849,568,595,435,5.609195402298851
366,404.9586536463744,623.527114066071,11.064103612625916,7.945848706251938,1.4443029128282392,9626.0,22.0,6.0,7.083149374540103,10.076748170547344,10.217907939900583,3.9088200952233594,17.453439806464733,384,432,593,658,1359,11.083149374540103
367,877.5337423312883,599.3006134969326,2.1961494328693205,1.6405026272422383,-0.5456704719468785,163.0,6.0,2.0,2.116883116883117,3.141274657157109,2.393653682408596,0.9772050238058398,3.742410318509555,872,882,595,604,77,6.116883116883117
368,214.0235081374322,599.249547920434,5.1369193476626025,3.485886228838859,1.1029689227664323,553.0,5.0,2.0,2.490990990990991,5.613615477764332,4.820437914901168,1.8712051592547776,7.356132180109627,206,224,591,611,222,5.490990990990991
369,814.1138519924099,611.0,4.602234200148603,2.5403812537301373,1.2180832865936548,527.0,7.0,2.0,2.3632286995515694,4.753945931439391,4.068428945128219,1.5957691216057308,6.358093703724522,807,822,601,624,223,6.36322869955157
370,970.4881818181818,605.5687878787879,12.317854804186902,6.226298555512887,-0.3856344390179705,3300.0,16.0,4.0,4.70756062767475,5.725898905580716,7.878478774854901,2.6462837142006137,13.267455184007076,956,1006,592,622,701,6.70756062767475
371,162.25429104477612,596.2337686567164,8.786143378779737,4.766922687824512,0.5023894605554412,5360.0,27.0,5.0,7.393103448275862,6.6036697681803656,6.651697090182843,2.5854414729132054,11.914957374576321,146,189,584,619,725,10.393103448275863
372,82.20345489443378,616.404990403071,4.32060087189073,2.3066978455502327,-0.665251148985359,521.0,8.0,3.0,3.7482014388489207,4.54864184146723,3.9088200952233594,1.4927053303604616,5.944106103225343,76,90,609,623,139,5.748201438848921
373,256.20984665052464,607.2881355932203,7.677010353359311,3.0971968990992127,1.0493171563483807,1239.0,7.0,2.0,2.5652173913043477,6.840435166640879,5.944106103225343,2.326213245840639,9.690274321412074,242,267,589,622,483,6.565217391304348
374,286.1152647975078,615.5950155763239,5.819208793883545,2.276798129328235,0.7619603302040705,321.0,4.0,2.0,2.0576923076923075,5.944106103225343,4.068428945128219,1.5957691216057308,6.231677632421503,277,294,609,623,156,5.0576923076923075
375,675.7386018237082,609.7188449848024,6.439925633563159,2.5327722148438063,0.39780644294814677,658.0,8.0,3.0,2.7416666666666667,4.54864184146723,4.787307364817192,1.7841241161527712,7.527227892173502,665,690,603,618,240,5.741666666666666
376,540.6504854368932,605.8640776699029,2.5269410472467633,2.1762512622492953,0.2833887160152818,206.0,5.0,2.0,2.1914893617021276,3.141274657157109,2.876813695875796,1.1283791670955126,4.61809077155419,536,547,601,611,94,10.191489361702128
377,180.91772151898735,608.1708860759494,2.300793162247457,1.8892096766551296,-0.69023996190465,158.0,5.0,2.0,2.323529411764706,2.876813695875796,2.4592453796829674,0.9772050238058398,4.029119531035698,176,185,603,612,68,9.323529411764707
378,941.4831460674158,620.3820224719101,2.9501039303357617,2.2602050227043953,0.7506527634003733,356.0,7.0,2.0,2.7384615384615385,3.656366395715726,3.141274657157109,1.2615662610100802,5.140011726956917,936,947,613,628,130,10.738461538461538
379,720.060606060606,614.3056653491436,10.6835255186122,3.731391276701217,1.0953072009239335,759.0,8.0,2.0,2.2128279883381925,3.989422804014327,5.262410103554244,1.7841241161527712,9.062226582657155,707,732,586,628,343,6.2128279883381925
380,601.9509725552891,600.9461763922195,13.840780339483384,7.716679113863027,1.1428748230650556,3753.0,11.0,3.0,3.6758080313418215,7.735777827895049,9.321941800299703,3.477898169151024,15.847602348589229,576,621,571,628,1021,6.6758080313418215
381,124.11781609195403,630.4281609195402,4.145258808440772,2.131880475741329,1.4722898523905268,348.0,6.0,2.0,2.0232558139534884,4.61809077155419,3.6996385101659595,1.381976597885342,5.781222885281108,119,130,623,639,172,6.023255813953488
382,62.70161290322581,620.4758064516129,2.066823337389172,2.022432695525383,-1.2123250400114565,124.0,4.0,2.0,1.9076923076923078,3.5682482323055424,2.4592453796829674,0.9772050238058398,3.9088200952233594,58,67,616,624,65,6.907692307692308
383,875.152466367713,629.3946188340807,3.373243342688104,2.105538107841484,0.6748888831079849,223.0,4.0,2.0,1.8898305084745763,4.583497844237541,3.141274657157109,1.2615662610100802,5.108953969950291,867,881,624,635,118,5.889830508474576
384,1003.0677966101695,632.7372881355932,2.2949680875226277,1.6945123133594737,0.01097373775185622,118.0,4.0,1.0,1.5324675324675325,3.431831258788849,2.4592453796829674,0.7978845608028654,3.949327084834294,997,1007,628,638,77,5.532467532467533
385,1019.8222222222222,626.7,2.6651608434899767,1.4936091508892901,1.4970974733473477,90.0,4.0,1.0,1.3235294117647058,2.8209479177387813,2.111004122822376,0.7978845608028654,3.523362819972964,1017,1023,621,634,68,5.323529411764706
386,303.96585365853656,633.5512195121951,2.822190236509162,2.0154256778163355,0.9324650532070655,205.0,5.0,2.0,1.8468468468468469,3.2410224072142872,2.9316150714175193,1.1283791670955126,4.720348719413148,297,309,628,639,111,5.846846846846847
387,34.51677852348993,627.4295302013422,3.6408708742342637,2.867993888948971,-0.5576768124608108,596.0,6.0,4.0,3.7721518987341773,6.050259243299904,4.145929793656026,1.692568750643269,6.282549314314218,28,44,621,634,158,7.772151898734177
388,362.43870967741935,636.0967741935484,1.768320533208002,1.4702155103439292,0.532049916190872,155.0,7.0,4.0,3.522727272727273,2.7057581899030048,2.0342144725641096,0.7978845608028654,3.141274657157109,359,366,633,639,44,6.5227272727272725
389,895.261620185923,624.8459495351925,8.430543735468486,2.4020846440205283,0.8494758379279086,753.0,6.0,3.0,2.8202247191011236,6.955796338302048,5.232078956954491,2.0342144725641096,8.058239062071396,883,906,612,635,267,5.820224719101123
390,462.211970074813,624.1910224438902,11.070168784557016,5.152571645679079,-0.5442431481098091,2005.0,10.0,3.0,3.4215017064846416,6.530966601401967,7.463526651802308,2.7057581899030048,11.901592303208293,443,479,608,635,586,10.421501706484642
391,800.3857142857142,634.1809523809524,3.1920996358075517,1.581268229041834,-1.2519467977638932,210.0,5.0,3.0,2.8378378378378377,3.826519928662906,2.876813695875796,1.1283791670955126,4.296739856991561,797,805,629,641,74,5.837837837837838
392,335.7921279212792,626.1549815498155,6.464397484002524,2.8840538866824916,-0.8104089606964979,813.0,6.0,3.0,3.1634241245136185,7.632215220473915,5.352372348458314,2.111004122822376,8.058239062071396,326,346,614,637,257,6.163424124513619
393,667.2682926829268,635.219512195122,1.497154510763471,1.0951426451160575,1.2262045318515173,41.0,3.0,1.0,1.0512820512820513,1.9544100476116797,1.5957691216057308,0.5641895835477563,2.5231325220201604,664,670,631,639,39,5.051282051282051
394,180.866391184573,646.8181818181819,12.426877963345856,3.1692007643409545,-0.1991380980346746,726.0,5.0,1.0,1.7707317073170732,5.140011726956917,5.890312181373172,2.111004122822376,10.045109950630787,151,201,638,656,410,5.770731707317073
395,239.29105188005713,654.853879105188,13.812905923893268,10.291456814743716,0.8837777973718239,4202.0,11.0,3.0,3.329635499207607,7.046725639945928,10.645107772184812,3.656366395715726,17.471667947000803,206,267,633,687,1262,6.329635499207607
396,688.5088183421517,638.2901234567901,7.201463375000075,3.925957397077872,0.2926990570251456,1134.0,9.0,2.0,3.106849315068493,5.140011726956917,5.201570947860099,2.0342144725641096,8.95623198216277,678,707,629,650,365,7.1068493150684935
397,35.54672720393492,609.4808929247067,18.412257080459,11.45277913370116,0.42038753759465886,2643.0,7.0,2.0,2.4269972451790633,8.703892974511014,9.591222920311857,3.6125759969217834,16.11647812414279,8,71,587,640,1089,5.426997245179064
398,699.433962264151,641.5849056603773,1.9770472143773836,1.831201590221239,0.06977013927988412,106.0,3.0,2.0,1.7966101694915255,3.1915382432114616,2.393653682408596,0.9772050238058398,3.8678889139475245,696,704,638,645,59,9.796610169491526
399,1008.3380662609871,655.7667342799189,10.008393886523079,3.2478312133613665,-1.0397111005427024,1479.0,10.0,3.0,3.792307692307692,6.023896332520351,6.282549314314218,2.256758334191025,9.981532666656284,996,1023,642,678,390,5.792307692307692
400,598.8,643.8857142857142,5.999946687092324,2.3401175090710122,-0.247030912273703,140.0,2.0,1.0,1.0526315789473684,5.781222885281108,3.2897623212397704,1.381976597885342,5.352372348458314,584,606,638,648,133,5.052631578947368
401,556.2526997840173,639.0086393088553,7.98550273812252,5.1944267306826735,-0.08552151445811998,926.0,5.0,2.0,2.456233421750663,7.442171739215616,6.333012368467128,2.393653682408596,9.574614729634384,540,568,628,654,377,5.456233421750663
402,104.13571428571429,661.4985714285714,8.98834342280551,2.504248810649991,-1.561797868591068,700.0,8.0,3.0,2.7777777777777777,4.787307364817192,4.787307364817192,1.7841241161527712,7.611333607551958,97,111,647,682,252,5.777777777777778
403,341.35164835164835,646.3076923076923,2.8676589165011404,1.5611925244449956,-0.8661197310796726,91.0,3.0,1.0,1.378787878787879,2.8209479177387813,2.4592453796829674,0.9772050238058398,3.949327084834294,337,346,642,651,66,5.378787878787879
404,524.5802469135803,649.6728395061729,3.4746921134877122,2.914642332426074,1.1858417628707425,648.0,10.0,3.0,3.502702702702703,4.259537945889915,3.9088200952233594,1.381976597885342,6.432750982580687,516,531,642,658,185,7.5027027027027025
405,466.494623655914,657.3817204301075,3.1822317098720205,1.8474701144777312,1.2148360718269422,186.0,5.0,2.0,1.7222222222222223,3.0901936161855166,2.985410660720923,1.1283791670955126,4.753945931439391,461,471,651,664,108,5.722222222222222
406,42.009273570324574,657.3415765069552,6.270827143302627,2.4793734188497885,-0.6216559602335746,647.0,6.0,3.0,2.707112970711297,6.206085419025319,4.787307364817192,1.9544100476116797,7.527227892173502,32,57,647,666,239,6.707112970711297
407,820.99,653.825,3.320419759265346,2.240332033908538,0.48092348656990686,200.0,4.0,2.0,1.941747572815534,4.583497844237541,3.2410224072142872,1.2615662610100802,5.046265044040321,816,829,648,658,103,6.941747572815534
408,210.74257425742573,656.1386138613861,2.65586082639853,1.6678469757442322,0.8024974823694107,101.0,3.0,2.0,1.6290322580645162,3.477898169151024,2.6462837142006137,0.9772050238058398,3.826519928662906,208,216,651,660,62,6.629032258064516
409,635.6526315789474,661.8842105263158,2.733533619081664,1.8564357005075725,0.5012905127653912,95.0,2.0,1.0,1.3571428571428572,4.51351666838205,2.7057581899030048,1.1283791670955126,4.145929793656026,630,641,657,666,70,5.357142857142857
410,352.20251293422024,676.7144616900714,12.18598385242302,8.449484572059543,-0.13861153802827458,4059.0,9.0,3.0,3.6699819168173597,10.32636489145962,10.295493776366547,4.029119531035698,16.419758633965078,328,386,653,695,1106,6.66998191681736
411,265.3622828784119,656.8511166253102,3.586755879646556,2.31386593243159,0.466960066442036,403.0,6.0,3.0,2.920289855072464,4.982787485166879,3.6125759969217834,1.4927053303604616,5.556622981616415,259,278,651,662,138,7.920289855072464
412,852.0594541910332,658.801656920078,14.407292333834974,3.362970033910198,0.1781655574428092,2052.0,9.0,4.0,4.112224448897796,7.2909362219603215,6.978639737521917,2.763953195770684,11.156126814350138,814,876,644,670,499,6.112224448897796
413,616.4303797468355,663.5569620253165,4.2911729515341275,1.4588954587138712,-1.1578259510687565,79.0,2.0,1.0,0.7053571428571429,4.853342309955121,3.2897623212397704,0.9772050238058398,4.583497844237541,612,621,656,671,112,4.705357142857143
414,679.7594339622641,663.6415094339623,2.5469250485164103,2.0423332038375146,-0.031150968563170615,212.0,5.0,2.0,2.0384615384615383,3.523362819972964,2.876813695875796,1.1283791670955126,4.54864184146723,674,686,659,669,104,6.038461538461538
415,75.57142857142857,672.3359788359788,7.001432719420853,2.613213973885971,0.42830153179900654,756.0,7.0,3.0,3.0607287449392713,5.262410103554244,4.918490759365935,1.8712051592547776,7.632215220473915,63,88,664,680,247,6.060728744939271
416,763.8617511520737,656.405529953917,7.222647361332931,1.8466636049797192,-1.3879375961349194,217.0,3.0,1.0,1.3151515151515152,4.51351666838205,3.7846987830302403,1.4927053303604616,6.023896332520351,758,770,643,668,165,5.315151515151515
417,422.48354792560804,671.414878397711,7.121076141589495,5.053950423187576,-1.4072404188702097,699.0,6.0,1.0,1.563758389261745,5.322553886092406,5.613615477764332,2.0342144725641096,9.389986074159536,412,445,652,689,447,5.563758389261745
418,520.0212264150944,670.9905660377359,3.752301093382031,2.124071109039973,0.9533393429935237,424.0,7.0,3.0,3.072463768115942,4.029119531035698,3.5682482323055424,1.381976597885342,5.670035141386943,513,526,664,677,138,7.072463768115942
419,439.8695652173913,680.8586956521739,1.8202905946437975,1.5630227959684495,0.6894555798754146,92.0,5.0,2.0,1.9166666666666667,2.0342144725641096,2.0342144725641096,0.7978845608028654,3.431831258788849,436,443,677,684,48,6.916666666666667
420,717.8108108108108,673.7387387387388,2.751615071936026,1.5597027306302924,-0.9352444954714889,111.0,3.0,1.0,1.3703703703703705,3.1915382432114616,2.5231325220201604,0.9772050238058398,4.1073621666150775,713,723,668,679,81,5.37037037037037
421,498.83240223463685,668.3765363128491,7.712250938644701,3.9437991189241846,1.2799225223958879,1790.0,11.0,4.0,4.162790697674419,6.180387232371033,6.076507779746499,2.393653682408596,9.755749892701914,487,509,655,688,430,7.162790697674419
422,703.6,686.6631578947369,2.7470220062556963,1.5932050182064796,-1.0262665455547182,95.0,4.0,1.0,1.2337662337662338,2.985410660720923,2.5231325220201604,0.7978845608028654,3.989422804014327,699,709,682,691,77,5.233766233766234
423,379.01883561643837,683.1198630136986,2.9782478547268063,2.6703424410048546,-1.4215825573426388,584.0,8.0,4.0,4.325925925925926,5.232078956954491,3.656366395715726,1.4927053303604616,5.499039842323396,372,384,677,689,135,11.325925925925926
424,303.2234385061172,675.3502897617515,7.308442846859014,6.612345625609604,1.0693372437361717,1553.0,5.0,3.0,2.6915077989601386,10.060941497019325,7.756324418739616,3.141274657157109,11.767106717028996,289,323,658,690,577,6.691507798960139
425,470.5357142857143,691.125,2.6380052662614273,1.9836184085352837,1.306201270383648,112.0,2.0,1.0,1.108910891089109,4.787307364817192,2.9316150714175193,1.2615662610100802,4.370193722368317,465,475,684,696,101,6.108910891089109
426,27.522058823529413,691.6102941176471,2.7543663218105308,1.5589183897391925,0.6034516116447284,136.0,3.0,2.0,2.0606060606060606,3.8678889139475245,2.6462837142006137,1.1283791670955126,3.8678889139475245,23,32,688,696,66,6.0606060606060606
427,179.18312208138758,716.2931954636424,25.489322668910155,7.78118546323861,-0.5255410690026361,5996.0,10.0,4.0,4.118131868131868,12.501606061472312,12.218319713454786,4.51351666838205,19.207320429643833,139,230,683,747,1456,6.118131868131868
428,150.91489361702128,688.9574468085107,4.924788717091019,1.8120434631112285,-0.5404559029406767,282.0,5.0,2.0,1.7961783439490446,3.826519928662906,3.6125759969217834,1.381976597885342,5.527906391541368,142,160,681,695,157,5.796178343949045
429,730.4755244755245,691.5174825174826,2.3413628871944625,1.7885562117294789,1.4882994583599833,143.0,3.0,2.5,2.234375,3.9088200952233594,2.7057581899030048,1.1283791670955126,3.9088200952233594,727,734,687,696,64,6.234375
430,754.2426470588235,697.3382352941177,2.6764607998383805,1.7388418545560302,0.3946614493657104,136.0,4.0,2.0,1.7435897435897436,3.7846987830302403,2.7057581899030048,1.1283791670955126,4.222008245644752,748,759,693,701,78,5.743589743589744
431,964.9837398373984,693.5528455284552,3.163714008227613,2.124683363609775,0.11661915948353324,123.0,3.0,1.0,1.2058823529411764,3.2410224072142872,2.985410660720923,1.1283791670955126,4.820437914901168,959,972,690,699,102,6.205882352941177
432,95.12676056338029,707.7840375586854,4.080902679204354,2.6040694861288087,0.7177813119346722,213.0,3.0,1.0,1.3741935483870968,4.51351666838205,3.8678889139475245,1.4927053303604616,6.076507779746499,89,104,699,714,155,5.374193548387097
433,123.06896551724138,700.4827586206897,6.2223847443258435,2.0701437813533747,0.3235946215112474,232.0,3.0,1.0,1.7058823529411764,4.61809077155419,3.656366395715726,1.4927053303604616,5.944106103225343,113,134,694,706,136,4.705882352941177
434,658.6422400953232,697.5281501340482,14.29092468716667,6.978328005016971,-0.2656454907161581,3357.0,10.0,2.0,3.062956204379562,8.77673016883152,9.474354220939228,3.477898169151024,15.977625878690493,623,686,676,718,1096,6.062956204379562
435,933.4731012658228,696.1977848101266,5.086793949509455,3.953151459430394,-0.3217706847414211,632.0,5.0,2.0,2.1137123745819397,6.050259243299904,5.352372348458314,2.111004122822376,8.500373177909337,923,944,682,703,299,6.11371237458194
436,55.262008733624455,698.8908296943231,3.078222524539761,1.8153533379585263,0.03362480237300744,229.0,5.0,2.0,2.5730337078651684,3.742410318509555,3.0382538898732494,1.1283791670955126,4.61809077155419,48,62,695,703,89,5.573033707865169
437,796.9281437125749,707.1197604790419,2.3115026297692087,2.1673324464976793,0.41021509360618236,167.0,4.0,2.0,1.8555555555555556,4.068428945128219,2.8209479177387813,1.1283791670955126,4.51351666838205,792,802,702,712,90,5.855555555555555
438,9.277955271565496,711.0654952076677,4.248907272554028,2.608856608311628,1.035333496449689,626.0,7.0,3.0,3.5568181818181817,5.262410103554244,4.1841419359420025,1.692568750643269,6.506551687525748,0,15,703,719,176,6.556818181818182
439,584.0904505716207,684.7602555480834,12.765150050549252,7.519538303152482,1.3163444073310984,2974.0,10.0,3.0,3.0254323499491353,7.377736139048903,9.52461639974967,3.523362819972964,15.306079714651624,568,599,663,714,983,7.025432349949135
440,932.0132538104705,725.0967528164347,13.69983589526838,4.425825180185254,-0.42201940735938875,1509.0,5.0,2.0,2.465686274509804,9.201653640780462,8.03846421247924,3.0901936161855166,12.27031279816994,909,959,705,742,612,5.465686274509804
441,200.7630890052356,715.7630890052357,3.782193493093301,2.646054970974159,0.058219590932372896,764.0,9.0,3.0,4.0855614973262036,4.886025119029199,4.029119531035698,1.692568750643269,6.4820448144285745,192,210,710,721,187,10.085561497326204
442,881.3419062027232,714.6585980837116,11.443356739489955,5.027879338871479,-0.8407826604908718,1983.0,7.0,2.0,2.6160949868073877,8.866935315394846,7.817640190446719,3.1915382432114616,12.539740179716349,863,902,691,744,758,6.616094986807388
443,249.10789049919484,729.6183574879227,5.108682799378867,3.3810751740572265,1.1233973681038165,621.0,6.0,2.0,1.9714285714285715,5.944106103225343,4.982787485166879,1.9544100476116797,7.817640190446719,241,262,716,739,315,5.9714285714285715
444,507.73259820813234,709.7818745692625,18.95474882699683,7.980886860264932,-0.4185496025970972,2902.0,8.0,2.0,2.222052067381317,8.611980229936854,10.403141895720198,3.6996385101659595,17.094106455639025,474,548,688,748,1306,6.222052067381317
445,36.65485074626866,718.9664179104477,3.5269000409152245,2.4560411738849024,1.1695180280403643,536.0,8.0,3.0,3.5733333333333333,4.820437914901168,3.6996385101659595,1.4927053303604616,5.836022431559495,29,43,712,727,150,6.573333333333333
446,338.7730496453901,715.5620567375887,4.038635542024118,2.6251014561505035,1.3266853283494613,564.0,8.0,2.0,2.660377358490566,4.370193722368317,3.8678889139475245,1.4927053303604616,6.506551687525748,333,348,705,724,212,6.660377358490566
447,683.1234567901234,723.8765432098766,3.2382324700258693,1.6411105554647683,-0.46437517707528503,81.0,2.0,1.0,0.9878048780487805,4.54864184146723,2.763953195770684,1.1283791670955126,4.222008245644752,676,690,720,729,82,4.987804878048781
448,755.8984962406015,722.5639097744361,3.7208646152835496,2.163389175915861,-0.937705916424112,266.0,5.0,3.0,2.5576923076923075,4.145929793656026,3.1915382432114616,1.2615662610100802,4.853342309955121,751,762,713,728,104,7.5576923076923075
449,59.984299516908216,721.536231884058,7.5422211204363885,2.8842079199451818,-0.6649610579288335,828.0,6.0,3.0,2.750830564784053,7.046725639945928,5.556622981616415,2.1850968611841584,8.63044108762739,49,74,709,733,301,5.750830564784053
450,120.10884353741497,730.8843537414966,2.9977427428647356,2.0408792769490556,-0.22973331109552325,147.0,3.0,1.0,1.2782608695652173,3.9088200952233594,3.141274657157109,1.1283791670955126,4.853342309955121,113,127,725,735,115,5.278260869565218
451,742.0286094477711,722.2727877578177,10.301381635864132,7.20149481833093,1.3451567780809093,1503.0,8.0,2.0,2.6461267605633805,6.817128675830715,7.001408606295148,2.7057581899030048,11.423968370726268,729,765,704,744,568,5.64612676056338
452,1012.4354922012188,722.6689391591777,16.691041162613374,11.619513873159066,-1.1830063289321782,9681.0,37.0,3.0,5.678005865102639,6.6755811781245455,8.07796550300118,2.9316150714175193,17.91246396432554,959,1023,691,790,1705,8.678005865102639
453,980.9641943734015,731.8196930946292,5.0572114048088075,3.327138157190447,-1.4210771284087147,782.0,9.0,2.0,3.066666666666667,4.370193722368317,4.583497844237541,1.692568750643269,7.590394548326596,969,988,716,740,255,9.066666666666666
454,0.8571428571428571,726.6904761904761,1.6972285133754434,0.8882097202896999,-1.561038823445168,42.0,4.0,1.0,1.5555555555555556,2.0342144725641096,1.4927053303604616,0.5641895835477563,2.393653682408596,0,3,723,730,27,6.555555555555555
455,149.77777777777777,736.2857142857143,2.295345860792765,1.5777391733271102,-0.7078983929721018,126.0,6.0,1.0,1.8529411764705883,2.4592453796829674,2.256758334191025,0.7978845608028654,3.9088200952233594,145,154,731,740,68,10.852941176470589
456,831.9321266968326,727.9683257918552,5.043373721097562,2.693622848080109,-0.017917970495407387,442.0,7.0,1.0,1.8189300411522633,3.6996385101659595,3.8678889139475245,1.4927053303604616,6.817128675830715,824,845,721,735,243,5.818930041152264
457,667.1345419847328,747.6307251908397,8.828793472580706,4.173027888986249,1.2499641998746176,2096.0,11.0,3.0,4.158730158730159,6.746726148605861,6.333012368467128,2.5231325220201604,10.645107772184812,654,679,734,771,504,7.158730158730159
458,346.14074074074074,734.1851851851852,2.6774653486615283,2.1583695882085263,0.8386798408767171,135.0,4.0,1.0,1.588235294117647,3.656366395715726,2.985410660720923,1.1283791670955126,4.686510657907603,342,351,729,738,85,6.588235294117647
459,552.1783295711061,731.4356659142212,6.6050539856598665,2.379930875389943,0.7608306049355946,443.0,5.0,2.0,2.07981220657277,4.61809077155419,4.478115991081385,1.7841241161527712,7.203090409536582,541,561,722,741,213,7.07981220657277
460,614.74375,738.775,3.9882127513541414,1.4778768512630185,-0.25569671277566963,160.0,3.0,2.0,2.0253164556962027,4.3336224206596095,2.985410660720923,1.2615662610100802,4.406461512053774,608,623,736,742,79,6.025316455696203
461,572.06,733.655,2.7921808800114576,2.018935594180817,0.7043451097752741,200.0,5.0,2.0,2.150537634408602,3.141274657157109,2.763953195770684,0.9772050238058398,4.583497844237541,566,578,729,739,93,8.150537634408602
462,484.23002421307507,733.3389830508474,3.283920797927274,2.3422852525248676,0.6676294608048121,413.0,7.0,3.0,3.1526717557251906,4.145929793656026,3.385137501286538,1.381976597885342,5.440847306724618,478,491,727,741,131,9.15267175572519
463,49.07821229050279,745.6256983240223,2.2163490565752797,1.8664076172692448,-1.2775947626220565,179.0,5.0,2.0,2.130952380952381,3.1915382432114616,2.5231325220201604,0.9772050238058398,4.145929793656026,45,53,740,751,84,6.130952380952381
464,778.439024390244,751.1585365853658,1.9351857240228452,1.2975058430424502,-1.1348087286081403,82.0,5.0,2.0,1.7826086956521738,1.8712051592547776,1.8712051592547776,0.5641895835477563,3.1915382432114616,775,781,748,755,46,6.782608695652174
465,116.48235294117647,748.5176470588235,1.8056964434762657,1.591526048696033,0.8339832020490129,85.0,3.0,2.0,1.4912280701754386,3.0382538898732494,2.1850968611841584,0.7978845608028654,3.3377905890622728,113,120,745,753,57,5.491228070175438
466,1018.5190751445086,768.6924855491329,5.328463558555283,2.725729100560916,-1.138170266325321,865.0,9.0,4.0,3.8963963963963963,5.352372348458314,4.370193722368317,1.7841241161527712,7.024103669400641,1010,1023,752,777,222,8.896396396396396
467,199.9712525667351,761.4804928131417,10.623070363023388,3.2517237128360414,-0.7426622306234525,487.0,5.0,1.0,1.4712990936555892,4.370193722368317,4.982787485166879,1.7841241161527712,8.175883811466258,187,217,744,772,331,5.471299093655589
468,808.3559431524548,729.812661498708,17.869045029282685,8.416709217688789,-1.1181034331347492,1548.0,8.0,2.0,2.4688995215311005,6.579524642479541,7.54834217738561,2.6462837142006137,12.153015559492998,773,821,692,757,627,5.4688995215311005
469,7.393183707398172,765.6300914380715,5.676072930250941,4.075288615659835,-0.4234718705339899,1203.0,8.0,3.0,3.7476635514018692,7.1141599576634995,5.499039842323396,2.1850968611841584,8.611980229936854,0,22,757,785,321,6.747663551401869
470,448.90865842055183,758.7992388201712,9.189302784360947,6.495843461176804,0.8485293628504973,2102.0,8.0,3.0,3.5870307167235493,9.52461639974967,7.377736139048903,2.9316150714175193,11.521077316754745,432,464,741,780,586,9.58703071672355
471,492.8266509433962,769.3185436320755,26.760031316343696,9.524184707235676,0.17232674132413306,6784.0,17.0,4.0,4.845714285714286,7.756324418739616,10.925484305920792,3.8678889139475245,18.77997214831907,424,537,737,791,1400,6.845714285714286
472,652.1044776119403,762.7910447761194,1.8973626507405523,1.2225754970670542,0.6148186162715565,67.0,3.0,2.0,1.9142857142857144,2.876813695875796,2.0342144725641096,0.7978845608028654,2.9316150714175193,649,655,760,766,35,5.914285714285715
473,415.175,761.15,1.8333219368998244,1.3641135127297974,-0.3123766527744951,80.0,5.0,2.0,1.951219512195122,1.8712051592547776,1.8712051592547776,0.5641895835477563,3.141274657157109,412,419,758,764,41,6.951219512195122
474,399.34355828220856,766.5807770961145,8.7877669580549,3.061867450807996,1.312737503718317,978.0,6.0,3.0,3.1548387096774193,7.797255174810172,5.670035141386943,2.256758334191025,8.866935315394846,392,409,748,782,310,7.15483870967742
475,87.13338997451147,760.8164825828377,9.35963009915683,5.047949257554304,-0.5635478661851617,1177.0,8.0,3.0,2.7890995260663507,5.997417539138688,6.407961869245868,2.256758334191025,10.076748170547344,68,100,747,775,422,5.789099526066351
476,922.4074074074074,760.2592592592592,1.2883155007035958,1.1037020080821873,-0.15792835647215883,27.0,2.0,1.0,0.675,2.5854414729132054,1.4927053303604616,0.5641895835477563,2.393653682408596,920,926,757,764,40,6.675
477,326.0274390243902,759.685975609756,6.891196614621048,1.8554063721558154,1.0666163193779843,328.0,4.0,2.0,1.9523809523809523,6.154581744998688,4.370193722368317,1.692568750643269,6.530966601401967,318,333,749,773,168,4.9523809523809526
478,707.1520979020979,773.1363636363636,3.2144799259161396,2.8452890385793883,-1.092549519368763,572.0,8.0,4.0,4.028169014084507,5.201570947860099,3.8678889139475245,1.4927053303604616,5.890312181373172,702,714,767,781,142,9.028169014084508
479,742.1833333333333,771.8194444444445,3.145908799330234,2.4778668617326205,-0.7370281012161926,360.0,6.0,2.0,2.2360248447204967,4.51351666838205,3.477898169151024,1.2615662610100802,5.527906391541368,734,748,764,778,161,6.236024844720497
480,121.52586206896552,769.6293103448276,2.9439233509599836,2.0313222588668403,-0.4755873676145018,116.0,3.0,1.0,1.0943396226415094,2.9316150714175193,2.763953195770684,0.9772050238058398,4.686510657907603,112,128,765,775,106,5.09433962264151
481,369.07077625570776,774.6872146118722,3.2266355224836034,2.335383428323843,-0.7131471029960359,438.0,7.0,3.0,2.8627450980392157,4.442433223290478,3.523362819972964,1.381976597885342,5.4700209598571305,361,375,768,782,153,6.862745098039215
482,594.7690217391304,770.4483695652174,3.326151832053143,2.4143460598491546,-0.7515366702376661,368.0,6.0,3.0,2.7669172932330826,4.720348719413148,3.477898169151024,1.381976597885342,5.499039842323396,587,601,764,776,133,6.7669172932330826
483,0.9183673469387755,779.3469387755102,1.3179292882140108,0.8767468553605857,-1.5578904157767512,49.0,5.0,2.0,2.0416666666666665,1.7841241161527712,1.381976597885342,0.0,2.111004122822376,0,3,776,782,24,8.041666666666666
484,257.7002518891688,763.5390428211587,9.70511007357145,3.8716425870172406,-1.242204799353749,397.0,5.0,1.0,1.284789644012945,4.068428945128219,4.259537945889915,1.4927053303604616,7.420755373261929,239,266,752,783,309,5.284789644012945
485,303.4378920953576,774.4579673776663,4.709769548381918,3.070689539223388,1.1791174004834066,797.0,9.0,3.0,3.511013215859031,4.442433223290478,4.406461512053774,1.692568750643269,7.225151993843567,296,318,767,786,227,6.511013215859031
486,529.070351758794,767.5075376884422,6.562091515372956,2.161338923698856,1.3840251931756562,398.0,5.0,2.0,2.4875,4.54864184146723,3.9088200952233594,1.4927053303604616,6.154581744998688,523,535,758,782,160,8.4875
487,937.3949771689498,776.6324200913242,4.550951075649226,2.0745260728255923,-0.3443105649957198,438.0,6.0,3.0,3.0416666666666665,5.4115163798060095,3.949327084834294,1.5957691216057308,5.997417539138688,929,946,771,782,144,6.041666666666667
488,860.6688311688312,782.0324675324675,8.35973374973503,2.379523766655688,0.8726964708504175,462.0,4.0,2.0,1.9743589743589745,6.840435166640879,4.820437914901168,1.8712051592547776,7.673807981960539,849,872,766,796,234,5.9743589743589745
489,476.36026936026934,781.6767676767677,2.9236796835664336,2.289408872337163,-0.6400438145389634,297.0,5.0,3.0,3.0,4.442433223290478,3.2410224072142872,1.2615662610100802,5.014626706796775,470,482,777,788,99,9.0
490,832.7117647058824,777.721568627451,8.371090958721602,4.302475028425264,-1.277238458059433,510.0,5.0,2.0,2.328767123287671,5.140011726956917,4.886025119029199,1.9544100476116797,7.420755373261929,821,841,765,791,219,6.328767123287672
491,568.9479768786127,781.8150289017341,2.3926795546047765,1.713938680913385,1.3539100998847335,173.0,6.0,2.0,2.0595238095238093,2.985410660720923,2.326213245840639,0.7978845608028654,3.989422804014327,565,573,776,788,84,6.059523809523809
492,905.3262518968133,785.1229135053111,7.621943569801772,4.341272125396046,0.7030630629427965,1318.0,8.0,2.0,2.780590717299578,6.863662517577698,5.753627391751592,2.326213245840639,9.557977680176279,882,918,771,799,474,8.780590717299578
493,266.3448275862069,793.9950738916256,3.7814252411597327,2.1679758798872113,0.4920215817202543,406.0,6.0,2.0,2.7066666666666666,4.787307364817192,3.6125759969217834,1.381976597885342,5.753627391751592,258,275,787,799,150,7.706666666666667
494,423.4040404040404,805.5959595959596,3.7059444516092235,2.1695979335085807,-1.1489324096420301,99.0,2.0,1.0,0.7333333333333333,5.232078956954491,3.385137501286538,1.1283791670955126,4.918490759365935,418,428,793,815,135,4.733333333333333
495,28.193877551020407,791.4081632653061,5.252028910696583,2.436492635135357,-1.4675366072856697,392.0,5.0,2.0,2.227272727272727,4.886025119029199,4.068428945128219,1.4927053303604616,6.358093703724522,21,34,780,803,176,6.2272727272727275
496,931.2582159624413,806.6643192488262,8.39866444571755,3.0877584405504135,1.5600431808421165,852.0,8.0,2.0,2.775244299674267,5.322553886092406,5.140011726956917,1.8712051592547776,8.311031542587394,924,942,791,820,307,7.7752442996742674
497,296.08235294117645,799.435294117647,4.539733418808239,1.6144107954292906,0.08998244932415658,170.0,4.0,1.0,1.25,3.989422804014327,3.1915382432114616,1.1283791670955126,5.140011726956917,284,303,795,804,136,5.25
498,772.0543694847709,789.069171648164,11.752793083817513,6.309970069900842,-1.4659320508265399,3513.0,13.0,3.0,4.1280846063454755,7.269074295019226,7.938851142601841,3.0382538898732494,13.968677826861914,752,786,772,827,851,7.1280846063454755
499,819.560975609756,794.7479674796748,2.7779624025162906,1.9281387383687736,-0.042965774764794504,246.0,5.0,3.0,3.1139240506329116,3.826519928662906,2.8209479177387813,1.1283791670955126,4.406461512053774,812,824,791,799,79,7.113924050632911
500,631.920177383592,802.8403547671841,3.4993608229140825,2.3453967874375583,-0.07615203146430764,451.0,8.0,3.0,3.176056338028169,4.222008245644752,3.5682482323055424,1.2615662610100802,5.698035485213008,626,642,797,808,142,9.17605633802817
501,318.0365853658537,799.069105691057,3.895335971308578,3.277032616873766,0.6965459123212429,492.0,8.0,2.0,2.484848484848485,4.029119531035698,3.9088200952233594,1.4927053303604616,6.840435166640879,311,329,791,806,198,5.484848484848484
502,580.645390070922,802.113475177305,6.856091758583382,1.4698113889825701,0.046351798717843284,141.0,3.0,1.0,1.2935779816513762,3.826519928662906,3.141274657157109,1.1283791670955126,4.787307364817192,569,590,798,806,109,6.293577981651376
503,353.90021231422503,805.9023354564756,4.122797407127496,2.2909470477880642,0.2023430208855856,471.0,6.0,3.0,3.204081632653061,5.201570947860099,3.7846987830302403,1.4927053303604616,5.917270272703197,345,364,801,811,147,6.204081632653061
504,700.301785205167,828.4497554663684,18.878413941637703,17.625784368645075,-1.339298864368327,91194.0,77.0,6.0,13.623244696743352,15.33724244738347,16.641201909113953,6.358093703724522,32.26750126221706,607,786,761,888,6694,16.623244696743352
505,480.72015765765764,820.2027027027027,8.735425114075841,5.877050895936738,1.1176563564593056,1776.0,11.0,3.0,3.3134328358208953,4.296739856991561,7.001408606295148,2.4592453796829674,11.198843474056307,466,495,803,838,536,6.313432835820896
506,530.0204081632653,810.6666666666666,2.0963468296299865,1.843519533535066,-0.34852311489526344,147.0,4.0,2.0,2.1940298507462686,3.7846987830302403,2.5231325220201604,0.9772050238058398,3.8678889139475245,526,534,806,814,67,7.1940298507462686
507,197.1263157894737,814.421052631579,5.302837894176933,1.7297203325375081,-0.5927171376916283,95.0,2.0,1.0,0.6506849315068494,5.262410103554244,3.523362819972964,1.1283791670955126,4.950743503369154,188,208,808,822,146,4.6506849315068495
508,986.1023255813953,806.446511627907,4.443828424444917,1.8963212142811952,0.3498588656145858,215.0,3.0,2.0,1.9026548672566372,4.950743503369154,3.5682482323055424,1.4927053303604616,5.352372348458314,977,995,802,813,113,5.902654867256637
509,404.7271589486859,813.9224030037547,4.164923502954729,2.5505615461746185,-1.500499567592864,799.0,9.0,4.0,4.342391304347826,5.201570947860099,4.1841419359420025,1.692568750643269,6.506551687525748,400,411,805,824,184,7.342391304347826
510,515.5529100529101,804.1216931216932,5.82569799843767,1.9605863132205485,-0.9537794068757461,378.0,5.0,2.0,1.766355140186916,4.54864184146723,3.9088200952233594,1.4927053303604616,6.257165172872317,504,523,795,818,214,5.766355140186916
511,834.9585088764273,830.2769270999796,21.54433522249087,12.886973015653952,-0.2277841056672674,34417.0,62.0,3.0,9.241944146079485,10.61516366850092,11.141851534268367,4.296739856991561,23.68252561395932,797,948,769,901,3724,12.241944146079485
512,544.5022421524664,823.9663677130045,6.501695419366493,2.7556147125695865,-1.0123217610247268,446.0,6.0,2.0,2.3978494623655915,4.54864184146723,3.9088200952233594,1.4927053303604616,6.627726932618989,537,554,808,832,186,5.397849462365591
513,161.38229755178907,818.3596986817325,4.401525672337335,2.317704214709009,-1.3191425242175603,531.0,6.0,3.0,3.123529411764706,5.613615477764332,3.989422804014327,1.5957691216057308,6.282549314314218,155,166,807,826,170,6.123529411764705
514,55.836633663366335,823.3345709570957,8.269085470117984,4.787361509819461,0.3651154670688835,2424.0,11.0,3.0,3.9286871961102108,7.399277020331919,6.793742230659745,2.7057581899030048,11.726460285670077,42,81,812,838,617,6.928687196110211
515,777.2534562211981,815.0046082949309,5.485800902484523,1.861141311538226,0.8520401235967718,217.0,4.0,2.0,1.75,4.787307364817192,3.431831258788849,1.2615662610100802,5.352372348458314,770,785,807,824,124,7.75
516,596.1602209944751,831.8563535911602,4.047482232514383,2.7606713452745715,1.3031594004782991,724.0,8.0,3.0,3.7512953367875648,5.4700209598571305,4.1841419359420025,1.692568750643269,6.699380116989518,588,602,820,840,193,6.751295336787565
517,362.74725274725273,833.3186813186813,1.8784302259011603,1.444396313355076,-0.2783233564172071,91.0,4.0,1.0,1.338235294117647,2.9316150714175193,2.0342144725641096,0.7978845608028654,3.2410224072142872,358,367,828,838,68,5.338235294117647
518,866.8487954894925,817.799077396207,7.27787862019519,4.544895748097683,0.8152292015681009,1951.0,10.0,3.0,3.709125475285171,7.225151993843567,6.627726932618989,2.5231325220201604,10.925484305920792,851,882,803,834,526,9.709125475285171
519,270.6216216216216,835.7621621621622,4.328288766036661,1.9189568884136403,-1.2293203458720143,185.0,3.0,2.0,1.4919354838709677,4.478115991081385,3.6125759969217834,1.381976597885342,5.4700209598571305,264,276,827,844,124,5.491935483870968
520,115.51669316375198,828.6438791732909,5.554807241942111,3.4776033215448217,1.4043034434409412,629.0,7.0,2.0,2.45703125,4.720348719413148,4.222008245644752,1.5957691216057308,7.442171739215616,105,123,820,844,256,6.45703125
521,140.82926829268294,838.8243902439025,3.5943416672573556,1.6353526877114706,-1.1346711648660013,205.0,6.0,1.0,1.7521367521367521,3.1915382432114616,2.9316150714175193,0.9772050238058398,4.853342309955121,136,146,832,847,117,5.752136752136752
522,900.1898515434766,835.9406173906214,8.296997644549167,5.8510498021389825,-1.3847938280442158,12731.0,47.0,10.0,13.13828689370485,7.506054213402069,7.898654169668588,2.985410660720923,13.877228871110882,884,915,803,859,969,17.13828689370485
523,167.66417910447763,844.3805970149253,3.008181702949795,1.6991889039164256,-1.2563270830873745,134.0,3.0,1.0,1.1551724137931034,3.826519928662906,2.8209479177387813,1.1283791670955126,4.296739856991561,161,171,838,853,116,5.155172413793103
524,767.3002159827214,835.8466522678186,8.869696413549661,2.4007158266629514,0.2891026214563742,463.0,5.0,2.0,2.1737089201877935,4.820437914901168,4.478115991081385,1.692568750643269,7.203090409536582,753,783,829,843,213,7.173708920187793
525,991.2685746777862,842.6512509476877,8.633262139784888,5.074006663865197,0.005851553285336459,5276.0,19.0,5.0,6.258600237247924,7.837972188868215,8.03846421247924,3.0901936161855166,13.540550005146152,969,1016,831,857,843,9.258600237247924
526,534.2322834645669,848.9488188976378,6.409521786531005,2.853240773908709,0.942760002444317,508.0,5.0,2.0,2.466019417475728,5.201570947860099,4.259537945889915,1.7841241161527712,6.886811529393324,521,542,836,859,206,5.466019417475728
527,333.56708860759494,838.3012658227848,3.98684294954586,3.839709054380116,1.4269844317265594,790.0,9.0,2.0,2.6245847176079735,4.686510657907603,4.478115991081385,1.692568750643269,7.2909362219603215,325,348,827,851,301,6.6245847176079735
528,639.6236323851203,837.6695842450766,4.300956223148974,2.439949879842016,-0.6428726771514423,457.0,9.0,2.0,2.5819209039548023,3.0901936161855166,3.6125759969217834,1.2615662610100802,6.358093703724522,625,646,829,846,177,7.581920903954802
529,938.305785123967,843.732782369146,4.339752419254694,2.0860252621227984,-0.016807373051479415,363.0,6.0,2.0,2.5208333333333335,4.61809077155419,3.523362819972964,1.381976597885342,5.527906391541368,926,946,840,849,144,6.520833333333333
530,23.019736842105264,857.1578947368421,2.999957892579515,2.360850813260059,-0.4363516758995211,152.0,3.0,1.0,1.2357723577235773,3.431831258788849,3.1915382432114616,1.2615662610100802,5.292567428401227,16,30,852,863,123,5.235772357723577
531,86.61904761904762,855.1507936507936,2.460796838863904,1.6969944252659965,-0.3430887382040719,126.0,5.0,1.5,1.8529411764705883,2.256758334191025,2.326213245840639,0.7978845608028654,4.029119531035698,81,92,851,859,68,6.852941176470588
532,207.7375,851.3375,5.891960972135989,2.1370501638758492,-0.05663869024662491,400.0,5.0,2.0,2.1390374331550803,4.406461512053774,4.296739856991561,1.5957691216057308,6.651697090182843,198,219,846,856,187,6.13903743315508
533,186.63432835820896,852.1716417910447,4.9926646118722235,1.4140988855738346,1.3579246507684983,134.0,4.0,1.0,1.0634920634920635,3.2410224072142872,2.876813695875796,1.1283791670955126,4.853342309955121,183,192,840,860,126,5.063492063492063
534,436.76163705869124,870.2442095794918,4.825067681577102,3.711615781336965,-1.106228398774106,4447.0,29.0,11.0,12.456582633053221,6.651697090182843,5.4700209598571305,2.1850968611841584,8.667244841319219,428,446,860,883,357,31.45658263305322
535,563.0221653878942,861.6675191815857,9.582516046798018,5.288802065457855,0.9610303253111214,2346.0,9.0,3.0,3.3755395683453235,7.756324418739616,8.272643200907131,3.2410224072142872,12.890219570974683,548,584,843,879,695,6.3755395683453235
536,136.59550561797752,873.4719101123595,6.615397117151279,1.3684582687744922,0.8769346945465997,89.0,2.0,1.0,0.7478991596638656,4.886025119029199,3.0901936161855166,1.1283791670955126,4.583497844237541,128,145,866,886,119,4.7478991596638656
537,394.21768707482994,867.374149659864,2.9484971187267406,1.964811876225321,-0.5607255992182304,147.0,4.0,2.0,1.6704545454545454,3.7846987830302403,2.763953195770684,1.1283791670955126,4.478115991081385,385,399,863,871,88,6.670454545454546
538,726.1971428571428,869.2085714285714,3.8249872759797605,2.6931058793649942,-0.46983850649672226,350.0,5.0,2.0,1.9553072625698324,4.145929793656026,3.826519928662906,1.4927053303604616,6.154581744998688,717,734,861,876,179,5.955307262569832
539,906.1782945736434,863.4341085271318,2.195824362062838,1.7622153740233664,-0.11847250110490888,129.0,4.0,2.0,2.1864406779661016,3.431831258788849,2.393653682408596,0.9772050238058398,3.7846987830302403,901,910,859,867,59,6.186440677966102
540,357.43755383290267,856.9190353143841,4.782147715272457,4.154351452112655,-0.3770860868126734,1161.0,8.0,4.0,3.6624605678233437,7.1809610472257885,5.585191925620057,2.111004122822376,8.667244841319219,347,368,848,868,317,6.662460567823344
541,482.255,861.66,4.394830028328573,2.2360330995195214,-1.5677714430316618,200.0,3.0,1.0,1.4705882352941178,4.406461512053774,3.7846987830302403,1.381976597885342,5.890312181373172,477,487,853,870,136,5.470588235294118
542,883.8103448275862,876.3620689655172,5.018285992617161,1.3876616104925101,1.497526875634572,116.0,2.0,1.0,0.9206349206349206,5.4115163798060095,3.2410224072142872,1.2615662610100802,5.046265044040321,881,888,863,886,126,6.920634920634921
543,928.3225806451613,880.9021852237253,6.315653585886232,3.1821132714840186,1.3043378426035794,961.0,8.0,3.0,3.161184210526316,6.407961869245868,5.556622981616415,2.0342144725641096,8.444016491289505,920,937,870,894,304,6.161184210526316
544,235.90771175726928,856.2275600505689,9.021483953558525,2.369221234834348,-1.1797370949800952,791.0,8.0,2.0,2.4115853658536586,5.352372348458314,5.140011726956917,1.9544100476116797,8.058239062071396,226,247,840,871,328,6.411585365853658
545,327.4225352112676,864.693661971831,2.7287410402865735,2.3142033196607525,-0.09530315770885996,284.0,8.0,2.0,2.201550387596899,3.0901936161855166,2.985410660720923,1.1283791670955126,4.982787485166879,319,333,859,872,129,6.2015503875969
546,650.1307339449542,864.5917431192661,4.863452593205102,3.2916686007493285,0.2084036170447265,436.0,7.0,1.0,1.620817843866171,2.393653682408596,4.406461512053774,1.4927053303604616,7.334464586120832,640,660,858,876,269,5.620817843866171
547,682.0941004388103,864.4597757191614,3.2534326129123525,2.8322855310554056,0.9265743941107387,2051.0,25.0,10.0,10.738219895287958,4.918490759365935,3.9088200952233594,1.5957691216057308,6.180387232371033,675,689,857,873,191,38.738219895287955
548,771.6346153846154,880.875,3.5258331470656206,1.533643377596346,1.257610738114518,104.0,3.0,1.0,1.223529411764706,3.141274657157109,2.6462837142006137,0.9772050238058398,4.222008245644752,767,776,875,888,85,5.223529411764706
549,508.39506172839504,876.3456790123457,1.6783843165865513,1.5615128992388738,0.16393022901656215,81.0,3.0,2.0,1.5,2.985410660720923,2.111004122822376,0.7978845608028654,3.1915382432114616,504,512,873,879,54,5.5
550,955.304347826087,875.8550724637681,2.5881093201339316,1.555616474257723,-1.3542118380565498,69.0,2.0,1.0,0.9583333333333334,4.1073621666150775,2.393653682408596,0.9772050238058398,3.826519928662906,951,961,872,881,72,4.958333333333333
551,978.1627906976744,873.0558139534884,3.1031719372394444,2.3764857802030135,0.5462998299247686,215.0,3.0,2.0,1.6796875,4.61809077155419,3.385137501286538,1.4927053303604616,5.4115163798060095,971,984,867,879,128,5.6796875
552,613.4690799396682,877.734539969834,3.271796821904175,2.6206078754706086,-1.5225915538211074,663.0,9.0,3.0,3.622950819672131,4.753945931439391,3.7846987830302403,1.4927053303604616,5.890312181373172,608,620,868,885,183,7.622950819672131
553,423.79728992360856,889.3441554504668,17.77514543693223,11.356951241418741,-0.8762543478577157,32988.0,73.0,7.0,10.879947229551451,7.463526651802308,12.766152972845846,4.068428945128219,25.092169194223484,384,470,848,923,3032,12.879947229551451
554,706.4792332268371,890.891373801917,8.65369012598106,2.130707557657179,-0.5834877258198482,313.0,5.0,1.0,1.4227272727272726,3.656366395715726,3.9088200952233594,1.4927053303604616,6.6755811781245455,695,719,881,902,220,5.422727272727273
555,835.9745762711865,882.8135593220339,4.504829375748971,1.6575213390244405,-0.05252952307380634,118.0,3.0,1.0,1.2421052631578948,2.985410660720923,2.8209479177387813,0.9772050238058398,4.720348719413148,827,844,879,886,95,5.242105263157895
556,33.379170879676444,897.2699696663296,6.978869110041643,4.354009311725365,-0.22575132162390724,989.0,7.0,2.0,2.5165394402035624,5.917270272703197,5.836022431559495,2.1850968611841584,9.474354220939228,16,46,883,907,393,6.516539440203562
557,750.4935064935065,884.3181818181819,5.49200793262664,1.6215499300282552,0.6032004538728405,154.0,3.0,1.0,0.9112426035502958,3.2410224072142872,3.1915382432114616,1.2615662610100802,5.4700209598571305,740,759,873,893,169,4.911242603550296
558,583.7375,896.7083333333334,5.702543574086391,3.196016441011739,-0.06573563605511805,960.0,6.0,3.0,3.0,7.54834217738561,5.4115163798060095,2.1850968611841584,8.406235467365967,569,595,889,904,320,7.0
559,369.4167872648336,908.2937771345876,10.921542143501584,3.376043827420862,0.8574166476396394,1382.0,8.0,3.0,3.0108932461873636,6.90988298942671,6.651697090182843,2.5231325220201604,10.524820207108489,354,387,890,925,459,6.010893246187364
560,245.04188481675394,887.1937172774869,3.208009234754444,1.8274444167574282,-0.6387671091723923,191.0,4.0,2.0,1.9292929292929293,4.442433223290478,2.985410660720923,1.1283791670955126,4.652426491681278,240,251,880,893,99,5.929292929292929
561,228.83529411764707,895.0117647058823,1.7958426644141179,1.3308689268451537,-1.3280297164821406,85.0,5.0,2.0,2.073170731707317,2.0342144725641096,1.8712051592547776,0.5641895835477563,3.0901936161855166,226,232,892,900,41,7.073170731707317
562,284.5540069686411,887.7665505226481,4.317120305025161,2.288664171524873,-0.8456695767644864,287.0,5.0,1.0,1.5944444444444446,3.6125759969217834,3.742410318509555,1.381976597885342,6.432750982580687,276,292,880,895,180,5.594444444444444
563,330.9313725490196,890.562091503268,6.3691152629981,2.5538619605632285,-1.0695013368530428,306.0,6.0,1.0,1.4166666666666667,2.763953195770684,4.068428945128219,1.2615662610100802,6.555290583552474,320,341,880,900,216,5.416666666666667
564,101.6564449064449,897.3991683991684,13.24843753293381,8.185757813289843,0.4256754501227664,1924.0,7.0,2.0,2.268867924528302,6.770275002573076,8.902761462589227,3.3377905890622728,14.239501307948768,68,126,875,914,848,6.268867924528302
565,500.9642857142857,898.952380952381,2.2784696596488203,1.568373307229668,-0.9107313405129267,84.0,3.0,1.0,1.3333333333333333,2.876813695875796,2.256758334191025,0.7978845608028654,3.6125759969217834,497,505,894,903,63,7.333333333333333
566,636.5926966292135,899.6039325842696,3.217559587512202,2.0809043333845945,-0.8904628736610629,356.0,6.0,3.0,3.1228070175438596,4.652426491681278,3.2897623212397704,1.2615662610100802,5.170882945826411,631,643,893,905,114,6.12280701754386
567,796.5443458980044,892.7161862527716,7.479695524866582,3.7288825246763544,-0.6999863718658645,902.0,7.0,3.0,2.801242236024845,5.4700209598571305,5.585191925620057,2.111004122822376,8.740387444736633,783,807,872,902,322,5.801242236024844
568,190.26714837177076,890.1519350687914,11.606693060215834,8.960219969989245,0.4452036318372522,10103.0,27.0,4.0,5.6662927650028045,7.463526651802308,10.433694507453072,3.6996385101659595,19.290004068139833,168,234,864,927,1783,8.666292765002805
569,772.5421686746988,904.289156626506,2.342114383105929,1.363757073795073,1.336376305702796,83.0,3.0,1.0,1.360655737704918,3.0901936161855166,2.326213245840639,0.7978845608028654,3.431831258788849,769,776,899,909,61,5.360655737704918
570,543.1925675675676,898.9222972972973,3.979090520689901,1.8459421534227536,-0.042348371553631296,296.0,6.0,2.0,2.6666666666666665,4.1841419359420025,3.2897623212397704,1.2615662610100802,5.140011726956917,533,550,896,903,111,11.666666666666666
571,733.7807486631016,899.1390374331551,2.7939905948571893,1.9981301658805095,1.3526354003566152,187.0,4.0,2.0,2.1494252873563218,4.259537945889915,2.985410660720923,1.1283791670955126,4.583497844237541,730,738,893,904,87,6.149425287356322
572,260.38766519823787,907.3392070484582,3.1568132426675684,2.3899614433455127,-0.40980088368774287,454.0,7.0,3.0,3.4393939393939394,4.51351666838205,3.477898169151024,1.381976597885342,5.527906391541368,252,267,901,913,132,6.4393939393939394
573,1016.7195512820513,882.8285256410256,9.107239578636833,3.3965674996587474,-1.3809294368567286,624.0,7.0,1.0,1.5959079283887467,4.296739856991561,4.820437914901168,1.692568750643269,8.136857890256438,1004,1023,870,914,391,5.595907928388747
574,834.7195767195767,905.0,2.4407679155060067,2.039554353817322,0.2791923551724701,189.0,5.0,2.0,2.392405063291139,3.2410224072142872,2.8209479177387813,0.9772050238058398,4.3336224206596095,830,839,900,910,79,6.3924050632911396
575,155.71142857142857,905.6885714285714,3.3200138512303097,2.434887137958518,-0.15412829259608277,350.0,5.0,2.0,2.7559055118110236,4.478115991081385,3.523362819972964,1.381976597885342,5.527906391541368,149,162,901,911,127,5.755905511811024
576,667.0472972972973,913.5135135135135,2.814935228994601,1.813818134044227,0.21092676108707095,148.0,3.0,2.0,1.85,3.7846987830302403,2.763953195770684,1.1283791670955126,4.51351666838205,662,673,909,917,80,4.85
577,586.983606557377,913.0491803278688,2.460372774181056,1.1349628441296815,-0.03081188168995072,61.0,3.0,1.0,1.2708333333333333,2.393653682408596,2.0342144725641096,0.7978845608028654,3.1915382432114616,582,591,911,917,48,6.270833333333333
578,348.6190476190476,908.4285714285714,1.9512051217228967,1.3963218370619155,-1.5561449281950852,105.0,4.0,2.0,1.9811320754716981,3.1915382432114616,2.1850968611841584,0.7978845608028654,3.2897623212397704,346,352,904,913,53,6.981132075471698
579,195.29299363057325,918.7707006369427,4.338492559689292,1.5166427861660465,1.3545802628229677,157.0,3.0,2.0,1.7444444444444445,4.296739856991561,3.2410224072142872,1.2615662610100802,4.787307364817192,192,199,911,926,90,8.744444444444444
580,884.7198275862069,912.3491379310345,2.7645020496942045,2.055748053181654,-0.053478299712829615,232.0,4.0,3.0,2.4946236559139785,4.583497844237541,3.0901936161855166,1.2615662610100802,4.583497844237541,879,890,908,917,93,6.494623655913978
581,912.2268188302426,908.639087018545,5.846187235661627,4.510554001922002,0.5400660202256646,701.0,6.0,2.0,2.5215827338129495,6.231677632421503,5.108953969950291,2.0342144725641096,8.097643889049511,895,921,900,923,278,5.5215827338129495
582,480.4957983193277,919.0882352941177,2.35650594106483,2.0712114726924975,-0.393257431545685,238.0,7.0,2.0,2.4791666666666665,2.9316150714175193,2.763953195770684,0.9772050238058398,4.406461512053774,474,486,913,924,96,7.479166666666667
583,127.57142857142857,933.4714285714285,4.867506209870082,1.647953471409394,1.0703636865761066,140.0,3.0,1.0,1.3725490196078431,3.826519928662906,3.2410224072142872,1.2615662610100802,4.950743503369154,122,134,925,940,102,6.372549019607843
584,279.7486187845304,930.3425414364641,3.4989938777204133,2.5864598123627736,-1.1520107119504088,362.0,5.0,2.0,1.9673913043478262,4.54864184146723,3.8678889139475245,1.4927053303604616,6.076507779746499,273,287,923,939,184,5.967391304347826
585,792.5725552050474,922.3998422712933,11.12116898522495,4.231273290485015,0.07556579090050619,1268.0,8.0,2.0,2.8687782805429864,6.257165172872317,6.206085419025319,2.256758334191025,10.171072362820547,777,816,911,931,442,5.868778280542986
586,881.75,931.4722222222222,4.1459432202122795,1.1736749292765654,0.009223865652176241,108.0,4.0,2.0,2.1176470588235294,3.431831258788849,2.1850968611841584,0.7978845608028654,3.477898169151024,875,888,929,934,51,5.117647058823529
587,147.15702479338842,930.6115702479339,3.824651028376507,1.9194044281859035,-1.115319273428053,242.0,5.0,2.0,2.220183486238532,3.6996385101659595,2.9316150714175193,1.1283791670955126,4.982787485166879,142,153,920,937,109,7.220183486238532
588,643.137266023823,942.5277935337493,19.547444159980483,11.566089980695716,0.9470854119733716,3526.0,8.0,3.0,2.791765637371338,10.202319970580199,10.998079684646791,4.029119531035698,17.435192608787553,619,674,913,988,1263,5.791765637371338
589,1015.6868884540118,924.0097847358121,3.578880400187036,2.5801320281519127,-0.9935407061432764,511.0,7.0,3.0,3.4527027027027026,4.54864184146723,3.6996385101659595,1.4927053303604616,5.944106103225343,1009,1023,917,933,148,7.452702702702703
590,57.95070254822577,932.1817099309359,13.294856156191592,7.828545890387808,0.4901587245017125,4199.0,15.0,3.0,3.9024163568773234,5.917270272703197,9.40692023773423,3.2410224072142872,15.877702285203682,32,79,911,956,1076,6.902416356877324
591,44.17948717948718,931.0102564102564,3.2816213558912684,1.6683092698153619,1.3451037235300782,195.0,4.0,2.0,2.3214285714285716,4.478115991081385,2.985410660720923,1.1283791670955126,4.442433223290478,41,47,924,938,84,10.321428571428571
592,756.9483695652174,938.4755434782609,6.180410027837749,2.4820719385065817,-0.0327613343891716,368.0,4.0,2.0,2.067415730337079,6.154581744998688,4.222008245644752,1.692568750643269,6.651697090182843,747,769,929,943,178,5.067415730337078
593,978.8627450980392,941.0078431372549,3.6683031652062734,2.2235690473498138,0.27068814475832204,255.0,4.0,2.0,2.142857142857143,5.499039842323396,3.6125759969217834,1.381976597885342,5.4115163798060095,972,986,936,946,119,5.142857142857143
594,324.22169811320754,960.2328167115903,22.425438501156478,5.033853712327017,-1.5120865143081805,2968.0,7.0,2.0,2.6219081272084805,9.72306722164286,10.108287365572707,3.9088200952233594,16.244349652921244,307,340,916,1006,1132,5.6219081272084805
595,184.25090036014404,939.3529411764706,11.50772785473228,2.9644632737122927,0.6483360212414989,833.0,6.0,2.0,2.4572271386430677,6.840435166640879,5.781222885281108,2.1850968611841584,8.920620580763856,168,203,925,955,339,5.457227138643068
596,934.3492714025501,941.398451730419,11.073547742177617,3.2278632601184474,-0.00018511499944375438,2196.0,11.0,4.0,4.051660516605166,6.6755811781245455,6.817128675830715,2.5231325220201604,10.969099187147178,913,961,929,950,542,7.051660516605166
597,242.31417624521072,948.0344827586207,3.203256447989646,1.8925594020785939,0.6232259605934398,261.0,5.0,2.0,2.3944954128440368,3.989422804014327,3.0901936161855166,1.2615662610100802,4.820437914901168,235,247,943,954,109,6.394495412844036
598,584.1002570694087,948.7763496143959,3.305054903653282,2.746081335759863,-0.5840915745711597,389.0,5.0,3.0,2.682758620689655,4.820437914901168,3.7846987830302403,1.4927053303604616,5.890312181373172,577,590,943,955,145,5.682758620689655
599,695.2920075519195,938.5393329137822,7.369870979263986,4.158197070208472,1.0431285516255304,1589.0,9.0,4.0,4.401662049861496,7.269074295019226,5.890312181373172,2.4592453796829674,9.23618154310838,685,706,928,962,361,7.401662049861496
600,270.66141732283467,960.3307086614174,4.832902659930668,1.8319534124710184,-0.7130367114040417,254.0,4.0,2.0,1.8405797101449275,4.886025119029199,3.523362819972964,1.381976597885342,5.781222885281108,263,278,950,966,138,5.840579710144928
601,899.4281650071124,949.8435277382646,4.526451350601001,2.4189010406848426,1.4518881619937059,703.0,9.0,3.0,3.5326633165829144,4.652426491681278,4.1073621666150775,1.5957691216057308,6.6755811781245455,894,906,937,959,199,6.532663316582915
602,852.9172839506173,953.1679012345679,19.227975230488124,6.1606725593598,-1.5597464600533069,4050.0,10.0,3.0,3.1468531468531467,9.423823971471327,10.86705883733894,3.989422804014327,17.35284277373209,832,866,912,992,1287,6.146853146853147
603,133.5280783101494,965.7764039155074,7.53261415551525,7.34951390250974,1.320725706206923,1941.0,8.0,3.0,3.110576923076923,8.703892974511014,8.136857890256438,3.141274657157109,12.463355264843006,117,148,944,981,624,6.110576923076923
604,699.9253731343283,955.2686567164179,2.711692291185216,1.8786107427146497,0.7199089777428567,201.0,5.0,2.0,2.451219512195122,3.431831258788849,2.9316150714175193,1.1283791670955126,4.442433223290478,695,705,950,960,82,7.451219512195122
605,956.5165562913908,960.8211920529801,4.145585424185844,1.7955300270844687,1.2127666433054833,151.0,3.0,1.0,1.556701030927835,3.9088200952233594,3.0382538898732494,1.2615662610100802,4.753945931439391,951,961,955,970,97,5.556701030927835
606,288.69465648854964,963.2290076335878,2.417452968081509,2.0440599115755154,-1.5256468942961987,131.0,3.0,2.0,1.423913043478261,4.068428945128219,2.985410660720923,1.1283791670955126,4.222008245644752,284,293,957,967,92,5.423913043478261
607,1016.9691056910569,961.1284552845528,6.101107592321461,3.6998800290317364,1.2385693663539352,615.0,6.0,2.0,2.5949367088607596,5.997417539138688,4.720348719413148,1.7841241161527712,7.442171739215616,1007,1023,950,972,237,6.594936708860759
608,884.7829977628635,975.0559284116331,4.24871496103487,3.881493070560584,1.316504869497991,894.0,8.0,3.0,3.1814946619217084,5.890312181373172,5.046265044040321,1.9544100476116797,8.156394191823509,877,894,961,984,281,6.181494661921708
609,3.816326530612245,966.0204081632653,2.3602569102513096,2.2101653330608575,1.3983041658785835,98.0,3.0,1.0,0.9158878504672897,2.6462837142006137,2.6462837142006137,0.9772050238058398,4.442433223290478,0,11,960,971,107,4.91588785046729
610,514.8337108117773,938.0451782095602,15.697671377698702,13.998708460358541,-0.03568463749300165,33556.0,50.0,4.0,8.628439187451788,10.61516366850092,13.575766059431594,4.853342309955121,26.945590555510684,464,570,892,975,3889,11.628439187451788
611,605.0704225352113,960.0140845070423,2.1176243423435537,1.317520986729895,-0.5751427749365758,71.0,3.0,1.0,1.1451612903225807,2.5231325220201604,2.111004122822376,0.7978845608028654,3.385137501286538,601,610,956,964,62,5.145161290322581
612,762.6265060240963,965.9397590361446,4.287030630664012,1.8746696313011786,0.5444788938615593,166.0,3.0,1.0,1.0921052631578947,3.477898169151024,3.0901936161855166,1.2615662610100802,5.352372348458314,752,774,960,972,152,5.092105263157895
613,688.0595703125,981.099609375,10.020148892818296,3.0474984952470465,-1.272797595403829,1024.0,8.0,2.0,2.9257142857142857,6.180387232371033,5.352372348458314,2.0342144725641096,8.77673016883152,676,697,961,1001,350,5.925714285714286
614,359.7873303167421,975.3552036199095,5.043336826397969,2.296398516699241,0.29802835031379066,442.0,5.0,2.0,2.3020833333333335,5.077706251929807,4.1841419359420025,1.5957691216057308,6.457444935117649,349,369,969,981,192,6.302083333333333
615,167.04273504273505,967.8632478632478,3.572474459596277,1.6261147659814352,0.0191657998218033,117.0,4.0,1.0,1.481012658227848,3.0901936161855166,2.6462837142006137,0.7978845608028654,4.406461512053774,158,173,964,972,79,5.481012658227848
616,77.89690721649484,976.3247422680413,2.6111847164099116,2.2055833210745384,0.04622447852521384,194.0,5.0,2.0,1.9019607843137254,3.0382538898732494,2.9316150714175193,1.1283791670955126,4.820437914901168,72,83,971,981,102,5.901960784313726
617,851.551724137931,977.8448275862069,3.6089343494366397,1.663671997246619,1.5338385835220367,116.0,3.0,1.0,1.4320987654320987,3.385137501286538,2.8209479177387813,0.9772050238058398,4.442433223290478,848,855,973,988,81,10.432098765432098
618,820.8463611859838,967.2035040431267,3.998739654739769,3.0397714783875904,1.4724860404476883,742.0,8.0,4.0,3.9468085106382977,5.641895835477563,4.442433223290478,1.7841241161527712,6.840435166640879,813,828,959,975,188,6.946808510638298
619,416.5211267605634,976.7605633802817,2.3567978292268226,1.5846031660474358,1.2827426057790878,71.0,3.0,1.0,1.0,2.393653682408596,2.111004122822376,0.7978845608028654,3.523362819972964,413,421,972,982,71,5.0
620,925.8240252897787,973.418335089568,4.169765541470921,3.2765608656878453,0.8924671469079328,949.0,10.0,3.0,3.7808764940239046,5.014626706796775,4.54864184146723,1.7841241161527712,7.569397566060481,917,936,963,981,251,6.780876494023905
621,652.3243243243244,978.9772972972972,5.623178164088234,3.497428125454987,0.14567946942134505,925.0,11.0,2.0,3.0327868852459017,3.6125759969217834,4.886025119029199,1.692568750643269,8.406235467365967,637,662,969,986,305,9.032786885245901
622,786.1009174311927,977.7155963302753,4.2748987805794085,1.882133768153207,0.612030365832121,109.0,2.0,1.0,1.0686274509803921,5.262410103554244,3.1915382432114616,1.2615662610100802,4.918490759365935,779,794,971,982,102,5.068627450980392
623,385.29787234042556,970.488573680063,8.740094360365974,3.1297815805452105,0.8971185705938622,1269.0,8.0,3.0,3.505524861878453,7.334464586120832,5.917270272703197,2.326213245840639,9.321941800299703,373,396,955,983,362,6.505524861878453
624,577.3451327433628,977.2831858407079,3.198738938760496,1.7905101263240313,0.4039708623465916,113.0,4.0,1.0,1.1649484536082475,3.3377905890622728,2.7057581899030048,0.9772050238058398,4.222008245644752,572,583,972,984,97,5.164948453608248
625,139.15263157894736,996.3263157894737,5.55190531446655,1.991888957088764,1.3603222702225766,190.0,3.0,2.0,1.6964285714285714,4.442433223290478,3.2897623212397704,1.381976597885342,5.108953969950291,134,145,984,1003,112,6.696428571428571
626,207.09375,984.0104166666666,2.602286072235141,2.0566055274600257,0.4488009116101975,192.0,4.0,2.0,1.7777777777777777,4.3336224206596095,2.9316150714175193,1.1283791670955126,4.720348719413148,201,213,979,990,108,5.777777777777778
627,101.41313131313132,983.0747474747475,5.005673569181147,4.191899087158857,1.0224131333249444,990.0,6.0,3.0,2.8045325779036827,7.858251581595959,5.781222885281108,2.326213245840639,8.902761462589227,90,111,968,995,353,6.804532577903683
628,441.40194489465154,973.9343598055106,9.338912509964365,3.8322455215872564,-1.0509636257385395,1234.0,8.0,3.0,2.9878934624697338,6.383076486422923,6.180387232371033,2.256758334191025,9.965574970333758,425,453,959,994,413,5.987893462469733
629,375.1842105263158,989.7894736842105,1.3697449404363893,0.9831564382834193,0.5545958079786838,38.0,3.0,1.0,1.2666666666666666,2.0342144725641096,1.4927053303604616,0.5641895835477563,2.326213245840639,372,378,987,992,30,6.266666666666667
630,232.91946308724832,995.2080536912752,3.320278848234755,1.728114151839899,-0.858094957493265,149.0,4.0,1.0,1.3925233644859814,3.826519928662906,2.876813695875796,1.1283791670955126,4.61809077155419,227,239,990,1003,107,5.392523364485982
631,778.0770609318996,997.241935483871,4.276042825054625,2.355216325609248,0.902588240963481,558.0,7.0,3.0,3.263157894736842,4.820437914901168,4.029119531035698,1.5957691216057308,6.333012368467128,771,786,989,1006,171,6.2631578947368425
632,51.381188118811885,986.789603960396,4.9439731537262706,2.528791470780216,-0.6115680874517144,404.0,6.0,2.0,2.606451612903226,4.820437914901168,3.949327084834294,1.4927053303604616,6.154581744998688,40,60,980,995,155,5.606451612903226
633,292.97760290556903,1008.909200968523,9.347940370132505,5.1467685008634145,0.9933873478757383,1652.0,10.0,3.0,3.251968503937008,6.076507779746499,7.136496464611085,2.763953195770684,11.070199012698888,280,319,993,1023,508,6.251968503937008
634,664.1700879765395,996.108504398827,2.8023332001439405,2.2071749829630942,-0.04164774811480939,341.0,7.0,3.0,3.0720720720720722,3.7846987830302403,3.141274657157109,1.1283791670955126,4.918490759365935,658,671,991,1002,111,7.072072072072072
635,640.9423076923077,1008.6807692307692,6.1082461737511045,2.3228496412759165,-0.6686093031412136,520.0,6.0,3.0,2.8729281767955803,5.670035141386943,4.222008245644752,1.5957691216057308,6.627726932618989,630,649,1000,1018,181,5.87292817679558
636,845.4545454545455,1006.6439393939394,2.334679116146423,1.5894932399202164,-0.331000978934757,132.0,4.0,2.0,2.490566037735849,3.989422804014327,2.4592453796829674,0.9772050238058398,3.742410318509555,841,850,1003,1010,53,5.490566037735849
637,461.45908346972175,997.5270049099836,8.866438124633836,5.174143432639826,-0.06741943263374596,2444.0,11.0,3.0,3.771604938271605,6.506551687525748,7.506054213402069,2.8209479177387813,12.244343853084386,445,483,985,1023,648,6.771604938271605
638,615.6078431372549,1000.0294117647059,3.274481365611519,1.6906844315558374,0.4970158405876367,204.0,6.0,2.0,1.871559633027523,3.431831258788849,2.985410660720923,1.1283791670955126,4.686510657907603,609,623,995,1005,109,5.871559633027523
639,917.0335570469799,1007.0,5.340325034349339,2.19133523290765,0.6216371190168128,149.0,3.0,1.0,1.2016129032258065,3.523362819972964,3.2410224072142872,1.1283791670955126,5.292567428401227,906,924,1001,1014,124,5.201612903225806
640,998.7662281647617,996.9521242182445,14.602870720107589,9.834300112911846,-1.4734700708994146,4637.0,9.0,3.0,3.4045521292217327,10.925484305920792,11.368105109938904,4.442433223290478,18.115669809738975,977,1023,967,1023,1362,6.404552129221733
641,547.081081081081,1011.2702702702703,2.3518871243962707,1.5368733735455664,0.38943967542635194,74.0,3.0,1.0,1.088235294117647,2.5231325220201604,2.256758334191025,0.7978845608028654,3.656366395715726,540,551,1008,1016,68,5.088235294117647
642,722.0413043478261,1012.8326086956522,3.528908326522861,3.1339157536711704,0.10077945336649975,460.0,6.0,2.0,2.2660098522167487,5.108953969950291,4.068428945128219,1.4927053303604616,6.6755811781245455,712,730,1005,1020,203,6.266009852216749
643,830.261744966443,1009.7181208053692,2.644881852667798,1.7467869217364802,0.6855043849453981,149.0,5.0,2.0,1.8395061728395061,2.763953195770684,2.5231325220201604,0.9772050238058398,4.1841419359420025,825,836,1005,1015,81,5.839506172839506
644,10.549698795180722,1005.6581325301205,9.790422669233571,3.748248251906804,0.910585769663679,1328.0,7.0,3.0,2.931567328918322,7.1141599576634995,6.817128675830715,2.763953195770684,10.55502061411188,0,25,991,1023,453,5.931567328918322
645,363.30870381966184,1013.4201628052599,7.760259836209095,5.232235491198193,0.5592537141588352,1597.0,9.0,3.0,3.5021929824561404,6.432750982580687,6.432750982580687,2.4592453796829674,10.387831891992912,345,378,999,1023,456,6.50219298245614
646,583.4777777777778,1007.4055555555556,3.0087375701380132,2.017775504635422,-0.6339061975596156,180.0,5.0,1.0,1.6363636363636365,2.7057581899030048,3.0901936161855166,1.1283791670955126,5.077706251929807,577,589,1002,1013,110,5.636363636363637
647,502.440353460972,1014.1620029455081,5.518742857543062,3.4906850712453585,0.051318360330337404,679.0,7.0,2.0,2.6944444444444446,4.259537945889915,5.014626706796775,1.8712051592547776,7.837972188868215,492,515,1008,1023,252,5.694444444444445
648,88.05244755244755,1012.5,6.066554222797946,1.9252030745723194,-0.7666569035246905,286.0,4.0,2.0,2.1666666666666665,5.613615477764332,3.8678889139475245,1.692568750643269,5.698035485213008,80,95,1004,1021,132,5.166666666666667
649,603.4134615384615,1019.2692307692307,2.6088563613459503,1.9161384817588412,1.0197150549184724,208.0,4.0,3.0,2.337078651685393,4.222008245644752,2.8209479177387813,1.2615662610100802,4.1841419359420025,598,607,1014,1023,89,6.337078651685394
650,54.18324607329843,1020.2931937172775,3.907121087549394,2.123711629664171,0.06676047174461701,382.0,6.0,3.0,3.1311475409836067,4.853342309955121,3.5682482323055424,1.381976597885342,5.499039842323396,46,63,1016,1023,122,6.131147540983607
651,408.8343949044586,1020.28025477707,2.1620226038137433,1.6150001563106613,0.6286645681790966,157.0,6.0,2.0,2.492063492063492,2.8209479177387813,2.256758334191025,0.7978845608028654,3.6996385101659595,405,414,1016,1023,63,6.492063492063492
652,447.8872180451128,1020.203007518797,3.112612981400265,1.9740330165359252,0.418552385262447,133.0,3.0,1.0,1.2912621359223302,3.6996385101659595,3.0901936161855166,1.1283791670955126,4.720348719413148,441,456,1016,1023,103,5.29126213592233
653,686.9347826086956,1018.1811594202899,5.355616412342677,2.075882055275989,1.0115614142414555,276.0,7.0,2.0,1.9714285714285715,2.5231325220201604,3.2897623212397704,1.1283791670955126,5.556622981616415,680,695,1007,1023,140,6.9714285714285715
654,878.9197267292913,1005.9470538001708,9.902327661505238,4.917030357848094,1.01063207036164,1171.0,8.0,2.0,2.6674259681093395,5.863230142835039,6.206085419025319,2.1850968611841584,10.092530088080641,867,895,991,1023,439,5.667425968109339
655,122.5072463768116,1019.6376811594203,1.617615125682417,1.467708338193887,-0.2035788667697584,69.0,3.0,2.0,1.8157894736842106,2.763953195770684,2.0342144725641096,0.7978845608028654,3.0901936161855166,119,126,1017,1023,38,6.815789473684211
656,170.92528735632183,1005.9827586206897,5.517659679744681,1.8855501957661533,-1.5152775367487892,348.0,4.0,2.0,1.8031088082901554,5.863230142835039,3.8678889139475245,1.5957691216057308,6.128667601500942,167,176,996,1023,193,5.803108808290156
